3759: 01 02 04 05 06 07 09 10 11 12 13 14 17 24 25
3758: 01 03 04 05 08 09 11 12 13 14 17 18 20 24 25
3757: 01 02 03 04 06 08 11 12 15 17 20 21 22 23 24
3756: 02 03 05 06 09 10 11 13 14 15 16 19 20 21 22
3755: 03 04 05 07 08 09 11 12 16 18 20 22 23 24 25
3754: 01 03 04 05 07 08 11 12 13 14 16 20 21 23 25
3753: 01 02 04 06 08 09 14 15 16 17 19 21 22 24 25
3752: 02 03 06 07 09 10 11 12 13 14 15 16 17 21 24
3751: 01 02 04 07 08 09 11 12 16 17 18 19 21 23 24
3750: 01 02 05 06 07 11 12 13 15 18 19 20 22 24 25
3749: 01 02 03 07 08 09 11 12 14 17 19 21 23 24 25
3748: 01 04 05 06 08 09 11 13 14 15 17 19 20 22 25
3747: 01 02 04 05 06 08 09 11 12 13 18 19 21 24 25
3746: 01 03 04 06 07 08 09 10 14 15 17 18 21 22 24
3745: 01 02 04 05 06 07 08 09 10 12 13 19 21 22 24
3744: 01 02 03 05 07 10 14 16 17 18 20 21 22 23 24
3743: 02 03 04 05 09 10 11 13 15 18 19 20 21 23 25
3742: 01 04 05 06 09 10 12 13 14 15 16 19 20 21 23
3741: 02 03 04 05 09 11 12 14 15 16 18 20 21 22 23
3740: 01 02 05 06 08 09 11 12 13 15 16 17 20 21 22
3739: 01 04 05 06 09 11 13 15 16 18 19 20 23 24 25
3738: 02 03 04 05 07 08 10 11 13 14 17 18 20 23 24
3737: 02 03 05 06 08 09 11 12 13 14 15 17 22 23 25
3736: 03 04 06 07 08 09 11 12 14 17 18 19 21 22 23
3735: 03 05 07 12 14 15 16 17 18 20 21 22 23 24 25
3734: 02 03 05 08 10 12 13 14 15 16 17 19 22 23 25
3733: 01 02 03 05 07 10 11 12 13 14 16 17 19 22 25
3732: 02 03 07 08 11 13 16 17 18 19 20 22 23 24 25
3731: 01 02 04 05 06 07 10 11 12 13 16 17 22 23 25
3730: 02 03 05 06 08 11 12 13 14 15 16 19 20 21 24
3729: 01 02 03 05 06 11 12 13 14 15 16 18 20 21 22
3728: 01 02 03 06 07 08 10 11 16 17 19 21 22 23 25
3727: 01 02 03 04 05 09 10 11 13 14 16 18 19 22 23
3726: 02 05 06 07 10 13 14 17 18 19 20 21 22 24 25
3725: 01 02 04 05 06 08 11 13 14 16 17 19 21 24 25
3724: 01 02 03 05 06 07 12 15 16 17 19 21 22 24 25
3723: 02 04 05 06 07 10 12 15 17 18 19 20 22 23 25
3722: 02 03 05 06 09 10 11 12 13 14 15 17 19 20 23
3721: 01 03 04 05 07 08 10 11 12 14 15 20 21 23 24
3720: 01 05 07 08 09 10 11 13 15 16 17 18 20 22 24
3719: 02 03 04 08 10 11 12 14 15 18 19 21 22 23 25
3718: 01 05 07 09 11 12 14 16 17 18 19 20 21 22 25
3717: 01 02 04 05 06 07 09 10 11 14 15 17 18 20 25
3716: 01 02 04 05 07 11 12 15 17 18 21 22 23 24 25
3715: 03 05 06 09 11 12 14 16 18 20 21 22 23 24 25
3714: 03 04 05 06 09 10 11 12 13 14 15 16 18 19 21
3713: 02 04 05 06 07 08 09 11 12 13 14 15 19 20 22
3712: 01 03 04 06 13 14 15 16 18 19 20 21 22 23 25
3711: 01 05 06 08 09 10 12 13 15 16 17 20 22 24 25
3710: 01 02 03 04 05 06 09 12 13 14 15 16 17 18 25
3709: 01 04 06 07 09 10 11 14 15 18 19 20 23 24 25
3708: 01 02 04 05 06 08 09 12 16 17 18 19 21 23 24
3707: 01 02 03 07 08 09 10 13 14 18 20 21 22 23 24
3706: 01 04 06 08 09 10 12 14 15 16 18 21 22 24 25
3705: 01 03 04 06 08 10 14 15 16 18 20 21 22 24 25
3704: 01 03 04 09 10 11 12 13 14 15 19 20 22 23 25
3703: 01 03 05 07 08 09 10 14 15 17 21 22 23 24 25
3702: 02 03 05 09 13 14 15 16 17 18 20 21 22 23 25
3701: 01 02 04 07 08 09 10 12 13 14 17 22 23 24 25
3700: 01 03 07 08 09 10 12 13 14 17 18 19 20 23 25
3699: 01 02 03 05 06 08 09 11 14 18 20 21 22 24 25
3698: 01 03 05 06 07 08 09 10 12 13 16 18 20 21 23
3697: 01 05 06 07 09 10 13 15 17 18 19 20 21 24 25
3696: 02 03 05 06 07 09 11 13 15 16 17 19 21 23 24
3695: 01 02 03 04 06 08 09 13 15 17 18 21 22 23 24
3694: 02 04 05 07 08 09 13 14 17 18 19 20 22 23 24
3693: 01 04 06 07 09 10 11 13 14 16 17 18 20 21 25
3692: 02 03 05 06 07 09 10 13 14 15 19 20 23 24 25
3691: 02 03 05 08 09 10 13 14 15 18 19 21 23 24 25
3690: 02 05 06 07 08 09 12 15 18 19 20 21 22 24 25
3689: 03 05 07 08 10 11 12 13 14 15 16 18 19 20 23
3688: 01 02 03 04 05 06 07 11 12 16 17 19 21 24 25
3687: 03 04 05 06 12 13 14 16 17 18 20 21 23 24 25
3686: 01 02 04 05 06 08 09 10 13 15 18 19 23 24 25
3685: 01 02 04 08 10 11 14 15 17 19 20 21 23 24 25
3684: 01 03 05 06 09 10 11 12 13 17 18 19 20 21 23
3683: 02 03 05 07 08 09 10 11 12 14 16 19 20 24 25
3682: 01 02 04 05 07 09 10 11 12 13 17 18 21 22 24
3681: 01 02 04 05 07 09 11 12 14 15 16 20 21 22 25
3680: 01 02 03 04 05 07 08 09 11 15 16 19 22 24 25
3679: 01 02 03 07 08 10 11 13 14 17 18 21 22 23 24
3678: 01 02 03 04 05 06 08 10 11 14 18 20 23 24 25
3677: 01 02 03 08 09 10 12 13 14 15 16 18 22 23 24
3676: 04 05 06 08 10 13 15 16 18 19 21 22 23 24 25
3675: 02 03 04 05 07 08 10 12 13 15 17 18 19 23 24
3674: 02 06 07 08 09 10 15 17 19 20 21 22 23 24 25
3673: 01 03 04 08 10 11 12 15 16 18 19 20 21 22 25
3672: 01 03 05 07 09 10 11 12 13 14 16 20 23 24 25
3671: 01 03 04 05 06 07 09 10 12 13 15 16 17 18 21
3670: 01 02 03 05 06 10 11 14 15 17 18 19 21 23 24
3669: 02 03 04 05 08 09 10 11 12 15 16 17 22 23 24
3668: 01 02 03 05 07 08 09 10 11 13 15 17 18 21 24
3667: 01 03 04 05 06 07 09 11 14 15 19 21 22 23 25
3666: 01 04 06 07 09 12 14 15 16 17 19 20 21 22 23
3665: 01 02 03 05 06 07 09 10 11 13 16 18 22 23 25
3664: 01 02 04 05 06 07 10 11 12 16 18 19 20 22 23
3663: 01 03 04 05 06 10 12 14 17 19 20 22 23 24 25
3662: 04 05 06 07 08 09 10 11 12 13 15 18 20 23 25
3661: 02 03 04 05 06 07 08 10 12 14 15 19 21 23 24
3660: 01 02 05 06 07 08 10 11 12 14 17 18 22 23 24
3659: 03 05 06 07 08 09 10 11 13 14 15 16 17 23 25
3658: 02 03 04 05 09 10 11 12 13 16 18 20 22 23 24
3657: 01 02 04 07 08 10 12 13 17 18 19 20 22 23 24
3656: 03 04 06 07 08 11 12 14 15 18 19 20 21 24 25
3655: 01 02 04 05 06 10 11 12 17 18 19 21 22 23 24
3654: 01 02 03 04 06 07 11 15 17 19 20 22 23 24 25
3653: 02 03 04 06 07 08 10 11 13 14 16 18 19 20 21
3652: 01 03 06 07 11 12 13 15 16 18 19 20 21 23 24
3651: 02 03 05 08 10 12 13 14 16 17 18 20 21 24 25
3650: 02 05 06 07 08 10 11 12 13 16 17 20 21 22 25
3649: 06 08 09 10 11 12 13 14 15 17 18 20 21 24 25
3648: 01 02 05 07 08 09 10 11 13 14 15 18 19 20 22
3647: 02 04 05 08 10 12 15 16 17 19 20 21 22 24 25
3646: 01 03 05 07 08 11 13 15 16 18 19 20 23 24 25
3645: 01 03 06 07 08 09 10 12 13 15 17 18 19 21 25
3644: 01 04 05 09 10 11 13 14 19 20 21 22 23 24 25
3643: 03 04 05 06 08 09 10 13 17 19 20 22 23 24 25
3642: 01 02 04 05 06 07 09 10 12 13 14 18 20 23 25
3641: 01 02 03 05 06 09 10 13 14 16 19 20 21 22 25
3640: 01 04 06 07 09 10 11 13 14 15 16 18 19 22 24
3639: 01 03 04 05 06 07 09 10 11 12 13 15 18 23 25
3638: 02 03 06 07 08 10 11 13 15 18 19 20 22 24 25
3637: 03 04 06 07 08 09 10 11 12 16 17 20 21 22 25
3636: 01 02 03 04 05 06 12 13 15 16 17 18 22 24 25
3635: 01 02 03 05 11 12 14 15 16 19 20 22 23 24 25
3634: 03 04 05 06 07 08 10 11 13 14 16 18 19 21 25
3633: 01 05 06 07 10 11 13 17 18 20 21 22 23 24 25
3632: 01 02 03 05 06 09 10 15 17 19 20 21 22 23 25
3631: 04 07 08 09 12 13 14 15 16 17 19 20 21 23 25
3630: 02 03 04 05 06 07 08 11 12 14 15 17 19 23 24
3629: 01 04 07 13 14 15 16 17 19 20 21 22 23 24 25
3628: 02 03 04 06 09 10 13 15 16 17 20 21 23 24 25
3627: 01 02 06 07 08 09 10 12 13 14 15 16 17 19 21
3626: 01 02 03 06 07 09 10 13 15 16 17 18 20 21 25
3625: 01 04 08 09 10 13 15 16 17 18 19 21 23 24 25
3624: 01 02 04 05 06 09 11 12 13 16 18 22 23 24 25
3623: 02 04 06 07 09 10 11 12 13 14 16 19 20 22 24
3622: 02 03 06 07 09 10 11 12 14 15 16 18 19 20 21
3621: 01 02 04 06 07 09 10 11 13 15 18 22 23 24 25
3620: 01 02 04 07 09 11 12 15 16 18 19 20 21 24 25
3619: 01 02 07 08 10 11 13 14 16 18 19 20 23 24 25
3618: 01 03 04 05 09 10 11 12 14 15 20 21 22 23 24
3617: 02 04 07 08 10 11 12 13 16 19 20 21 22 23 25
3616: 01 04 05 06 10 11 13 14 16 18 19 20 21 23 24
3615: 02 03 06 07 08 09 10 11 14 15 17 18 21 23 25
3614: 02 04 05 06 09 10 11 12 14 15 16 17 20 23 25
3613: 01 03 04 07 09 10 11 12 15 16 18 20 21 22 23
3612: 04 06 08 09 11 14 15 16 17 18 19 20 21 22 25
3611: 01 02 03 04 05 06 10 11 12 14 15 17 18 19 25
3610: 01 03 05 07 08 10 13 14 17 20 21 22 23 24 25
3609: 02 05 06 08 09 10 11 12 13 17 19 20 22 24 25
3608: 02 05 06 08 09 11 14 16 17 18 19 20 22 23 25
3607: 01 02 04 05 06 08 09 13 14 15 16 18 19 20 23
3606: 02 03 06 07 09 11 12 14 15 17 19 20 21 23 24
3605: 01 03 04 07 10 12 13 14 19 20 21 22 23 24 25
3604: 01 02 03 06 07 08 11 13 15 16 19 21 22 23 24
3603: 02 04 05 09 10 11 12 14 15 17 19 20 21 22 24
3602: 01 02 03 04 05 06 08 09 15 18 19 20 22 23 24
3601: 02 03 04 06 07 08 09 11 16 17 20 21 23 24 25
3600: 03 04 05 06 07 08 09 11 12 16 17 20 21 22 25
3599: 01 04 06 07 08 09 11 12 13 16 19 20 21 23 24
3598: 01 03 04 05 06 07 08 09 11 16 18 21 22 23 24
3597: 01 04 05 07 10 11 13 14 15 16 19 20 21 23 25
3596: 01 02 03 04 05 06 07 08 14 15 16 18 20 21 22
3595: 01 02 04 05 06 08 10 12 13 15 16 20 21 22 25
3594: 01 02 04 05 07 08 09 11 14 15 18 20 21 23 24
3593: 01 03 04 06 07 08 09 10 12 15 18 19 23 24 25
3592: 01 04 05 06 07 09 12 13 17 18 20 21 22 23 25
3591: 01 02 03 04 06 07 10 11 13 14 15 17 18 19 20
3590: 04 06 08 10 11 12 13 15 16 17 19 20 21 22 23
3589: 01 02 03 04 08 10 11 12 15 18 19 21 22 24 25
3588: 03 05 07 08 09 11 14 15 16 17 19 21 22 23 24
3587: 01 02 04 08 09 10 11 12 13 16 17 18 19 20 22
3586: 01 02 06 10 11 12 13 14 15 17 18 21 22 24 25
3585: 01 02 04 08 09 10 13 16 17 19 20 21 22 23 25
3584: 01 02 04 07 08 09 13 15 16 17 18 20 21 23 25
3583: 02 03 04 06 09 10 12 13 14 15 21 22 23 24 25
3582: 02 05 06 07 08 09 10 11 12 13 16 18 23 24 25
3581: 02 03 04 05 06 07 08 10 12 15 16 17 20 22 24
3580: 01 04 05 06 08 09 12 13 15 16 19 20 21 23 25
3579: 01 02 03 04 08 10 11 13 15 17 19 20 21 23 25
3578: 02 03 04 05 06 07 09 10 14 17 19 20 22 23 24
3577: 01 02 04 05 06 08 09 10 12 16 18 20 23 24 25
3576: 01 02 03 05 07 08 10 13 16 18 19 21 22 23 25
3575: 02 04 05 07 08 09 10 12 13 14 15 17 21 22 25
3574: 01 03 04 05 06 08 12 13 15 16 17 18 20 21 25
3573: 01 02 07 08 10 11 12 14 15 16 17 20 22 23 25
3572: 01 02 04 05 07 10 12 14 15 16 17 18 19 22 24
3571: 02 03 04 05 06 08 11 12 13 14 17 20 22 24 25
3570: 01 02 03 05 06 10 11 13 15 18 19 20 21 22 24
3569: 01 02 03 04 05 06 08 10 14 15 17 18 19 20 24
3568: 01 02 04 05 06 07 08 10 11 13 18 19 20 22 24
3567: 01 02 04 08 09 10 11 12 14 15 18 19 20 24 25
3566: 01 02 04 07 08 12 13 14 15 17 20 21 22 23 24
3565: 01 04 10 11 13 16 17 18 19 20 21 22 23 24 25
3564: 05 06 07 08 09 11 12 13 14 19 20 21 23 24 25
3563: 01 03 04 09 10 11 12 13 15 17 19 20 21 23 25
3562: 03 05 06 07 09 10 11 12 13 14 15 19 22 23 25
3561: 01 02 04 05 06 07 08 10 15 16 17 18 20 21 25
3560: 01 03 04 06 07 08 10 11 12 13 17 18 19 23 24
3559: 01 02 06 08 09 10 11 13 14 15 16 19 20 24 25
3558: 02 03 04 07 09 12 13 14 15 18 20 22 23 24 25
3557: 05 06 07 09 10 13 14 15 16 17 19 20 21 22 24
3556: 01 02 03 04 05 07 09 10 12 14 16 17 19 21 23
3555: 01 02 03 04 07 08 10 13 14 15 18 19 20 23 24
3554: 01 03 04 05 08 09 11 12 14 15 16 18 22 23 25
3553: 01 02 03 07 08 09 12 13 16 17 19 21 22 23 24
3552: 04 05 06 07 11 12 14 15 16 17 18 20 21 23 25
3551: 01 02 03 07 08 10 11 12 15 16 17 19 21 22 25
3550: 01 04 06 07 08 12 13 15 16 18 19 20 22 23 24
3549: 02 05 07 08 09 11 12 14 17 20 21 22 23 24 25
3548: 04 08 09 10 11 12 13 15 16 17 19 21 23 24 25
3547: 02 05 06 07 09 10 14 15 17 18 19 20 21 24 25
3546: 02 03 05 07 08 11 12 13 18 19 20 22 23 24 25
3545: 01 04 05 06 07 08 11 12 14 17 19 20 21 22 25
3544: 01 04 05 06 08 10 11 12 15 17 20 21 22 23 25
3543: 01 04 05 06 07 08 09 14 15 16 17 20 21 22 25
3542: 01 02 05 08 11 12 13 15 18 19 21 22 23 24 25
3541: 01 02 03 04 06 08 13 14 16 17 18 19 21 23 25
3540: 01 02 03 05 06 09 10 13 14 15 16 18 22 23 25
3539: 01 02 07 08 09 11 12 13 14 16 18 19 20 23 24
3538: 02 03 05 08 09 10 13 14 17 19 20 21 22 24 25
3537: 01 02 03 04 07 09 10 12 15 19 20 21 22 24 25
3536: 01 03 04 06 07 08 09 10 11 15 16 17 18 22 24
3535: 02 03 06 07 08 09 11 13 18 19 20 21 22 24 25
3534: 01 03 07 09 11 12 13 14 15 16 17 19 20 21 22
3533: 01 03 05 06 08 11 12 13 14 15 19 20 22 23 25
3532: 02 03 04 05 06 07 08 10 11 12 14 15 17 23 25
3531: 01 03 04 05 07 08 10 11 12 14 15 16 18 19 22
3530: 01 02 03 05 07 11 12 13 15 16 20 22 23 24 25
3529: 01 07 08 10 11 12 14 15 16 17 18 19 20 22 24
3528: 01 03 05 06 07 09 10 16 18 19 20 22 23 24 25
3527: 02 03 04 06 07 09 13 14 15 16 17 19 20 23 24
3526: 01 03 07 08 10 12 14 15 17 18 19 20 21 22 23
3525: 01 02 03 07 10 11 14 15 16 17 18 20 21 23 24
3524: 02 03 04 05 07 09 12 13 14 15 16 17 18 22 24
3523: 05 06 08 09 10 11 12 14 15 16 17 19 23 24 25
3522: 01 02 04 05 07 08 10 11 12 14 15 17 20 22 24
3521: 06 07 08 09 10 11 12 13 14 15 19 20 21 22 23
3520: 01 03 07 08 10 12 13 15 16 18 19 20 21 22 23
3519: 04 05 06 07 08 13 14 16 17 18 20 21 22 23 25
3518: 02 05 06 07 11 12 13 14 16 17 19 21 22 24 25
3517: 01 02 03 07 08 11 12 14 17 18 19 20 21 22 24
3516: 02 03 06 11 12 13 14 15 17 18 19 20 21 23 25
3515: 01 02 03 04 05 06 07 09 14 15 16 17 21 23 24
3514: 01 03 04 05 06 08 10 12 13 16 17 20 21 23 24
3513: 03 04 05 06 07 11 13 14 15 16 18 20 22 23 24
3512: 01 02 03 04 05 06 09 12 13 14 15 17 19 20 22
3511: 02 03 05 06 07 08 09 12 13 14 15 19 20 23 24
3510: 01 02 03 04 05 06 07 08 13 14 15 17 21 22 23
3509: 01 03 04 07 09 10 12 14 15 16 19 21 22 24 25
3508: 01 03 04 05 06 08 11 13 14 16 17 20 21 22 24
3507: 02 03 04 07 09 10 11 12 17 18 19 21 22 24 25
3506: 03 04 05 06 08 11 12 13 16 17 18 22 23 24 25
3505: 01 02 03 04 06 07 08 09 11 14 16 20 21 23 25
3504: 01 02 04 06 07 09 10 12 15 16 17 21 22 23 25
3503: 01 04 06 07 08 10 11 12 14 15 16 18 21 24 25
3502: 04 05 06 07 08 09 14 15 16 17 18 19 20 21 25
3501: 01 03 07 09 11 12 13 15 16 18 19 20 21 22 24
3500: 01 02 04 05 06 07 09 10 11 12 14 16 18 19 21
3499: 01 05 07 09 10 11 12 13 14 17 18 19 23 24 25
3498: 01 02 03 04 05 07 08 09 15 16 17 19 21 22 24
3497: 01 02 03 04 06 10 11 12 13 14 15 18 19 21 25
3496: 01 04 05 08 09 11 13 14 15 16 17 18 20 23 24
3495: 02 03 06 08 09 11 12 15 16 18 19 20 22 23 25
3494: 01 04 09 10 11 12 14 15 16 17 19 21 22 24 25
3493: 02 03 04 05 06 10 11 13 15 16 19 20 21 23 24
3492: 02 03 04 08 09 10 13 17 18 19 20 21 22 23 25
3491: 01 02 04 08 09 10 12 13 15 17 21 22 23 24 25
3490: 02 03 04 07 08 11 13 14 15 16 18 19 21 23 25
3489: 01 02 05 08 09 11 14 16 17 20 21 22 23 24 25
3488: 01 03 04 05 06 08 09 11 12 13 14 15 17 22 25
3487: 02 04 05 07 10 12 13 15 16 17 18 19 21 22 23
3486: 02 06 07 08 09 10 11 12 16 17 18 19 22 24 25
3485: 02 03 04 05 06 09 10 11 12 13 15 18 20 22 25
3484: 01 03 04 05 07 08 09 11 13 14 15 17 23 24 25
3483: 02 04 07 08 09 12 13 14 15 17 18 20 22 24 25
3482: 01 02 04 05 09 10 13 14 15 17 19 20 22 24 25
3481: 01 02 03 04 05 07 09 10 13 14 19 21 22 23 24
3480: 03 05 06 08 09 12 13 14 15 16 17 20 21 22 23
3479: 01 05 06 08 09 10 12 13 15 16 18 19 23 24 25
3478: 01 04 05 06 07 08 09 10 12 14 15 17 21 22 24
3477: 02 03 05 06 08 12 15 16 17 18 20 21 23 24 25
3476: 03 05 06 07 08 10 12 15 16 17 19 20 23 24 25
3475: 01 03 04 05 06 11 14 15 18 20 21 22 23 24 25
3474: 01 04 06 08 09 10 12 13 14 15 18 19 20 21 25
3473: 02 03 04 05 06 07 09 12 13 14 17 18 19 23 25
3472: 02 03 05 07 10 11 12 13 15 18 19 21 23 24 25
3471: 01 02 03 05 06 11 13 16 17 19 21 22 23 24 25
3470: 01 04 05 07 08 10 12 13 14 18 20 21 22 23 24
3469: 01 03 05 06 07 08 11 12 13 15 17 18 21 22 24
3468: 01 03 04 06 09 10 12 13 14 18 19 21 23 24 25
3467: 03 04 05 06 07 08 09 13 14 16 18 19 20 21 25
3466: 01 05 06 07 09 10 12 15 17 18 19 21 23 24 25
3465: 01 04 05 06 09 10 11 12 14 15 17 18 21 22 24
3464: 01 03 04 06 11 13 14 15 16 17 18 20 21 22 25
3463: 01 02 04 06 07 08 11 14 15 16 17 18 19 21 22
3462: 01 02 09 10 13 14 15 16 17 18 19 20 22 24 25
3461: 02 03 04 05 06 08 09 10 11 13 18 19 21 23 25
3460: 01 02 03 04 06 08 11 12 16 17 18 19 22 23 25
3459: 01 03 05 06 07 12 14 15 17 18 19 20 22 23 25
3458: 02 03 04 05 07 08 09 10 11 14 16 18 20 23 25
3457: 01 02 04 06 09 10 11 12 16 17 18 20 22 23 25
3456: 01 02 03 05 06 07 11 12 13 15 16 19 22 23 25
3455: 01 02 03 05 06 09 10 13 15 17 19 21 22 23 25
3454: 02 03 04 07 09 10 11 13 14 15 17 18 20 22 24
3453: 02 03 04 05 07 09 10 11 12 13 19 21 23 24 25
3452: 01 04 05 08 09 11 12 13 15 16 18 19 20 21 25
3451: 01 02 06 07 08 09 14 15 17 18 20 21 22 24 25
3450: 01 02 04 05 06 07 11 12 13 14 15 18 23 24 25
3449: 01 04 07 08 11 13 15 16 18 20 21 22 23 24 25
3448: 01 03 05 07 09 10 11 12 14 16 17 20 21 23 25
3447: 02 03 06 07 11 12 13 14 17 18 19 20 21 22 23
3446: 03 04 05 07 09 10 12 13 16 19 21 22 23 24 25
3445: 01 02 04 05 06 09 11 12 14 18 19 20 21 22 25
3444: 02 03 06 07 09 11 12 13 16 17 19 21 22 24 25
3443: 01 04 05 06 08 10 11 12 13 15 16 19 20 24 25
3442: 01 03 05 06 07 09 10 13 15 16 18 19 21 23 25
3441: 01 02 03 04 05 11 14 16 18 20 21 22 23 24 25
3440: 01 03 04 06 07 08 09 12 13 15 16 17 18 21 25
3439: 02 03 04 05 06 07 09 10 11 12 14 15 16 22 23
3438: 02 04 08 09 10 11 12 13 15 16 17 18 19 23 24
3437: 01 05 06 08 09 11 12 14 15 17 19 20 22 24 25
3436: 01 02 03 06 08 11 13 14 15 16 17 20 22 23 25
3435: 01 03 06 10 11 12 13 14 16 18 21 22 23 24 25
3434: 02 04 05 07 08 10 13 15 16 18 19 20 21 23 24
3433: 01 02 03 06 09 11 12 13 16 17 18 19 21 23 24
3432: 04 09 11 12 13 14 15 16 17 18 19 20 21 23 24
3431: 02 03 04 06 07 09 11 12 14 16 17 18 19 21 24
3430: 02 05 07 09 10 12 16 17 18 20 21 22 23 24 25
3429: 01 02 03 05 07 08 09 14 15 16 17 19 20 21 24
3428: 03 05 07 11 12 13 14 15 16 19 20 22 23 24 25
3427: 01 02 06 07 09 10 11 15 17 18 19 20 21 22 24
3426: 01 04 05 06 08 10 11 12 13 15 16 17 18 20 21
3425: 04 05 06 07 08 09 10 11 13 15 16 17 21 24 25
3424: 03 06 08 11 13 16 17 18 19 20 21 22 23 24 25
3423: 01 02 03 04 08 11 12 14 15 17 18 19 20 22 23
3422: 01 02 03 04 05 06 07 11 14 16 17 21 22 23 24
3421: 01 02 03 06 09 12 14 15 16 17 20 21 22 23 24
3420: 03 05 06 07 11 14 15 16 17 18 19 21 22 23 25
3419: 01 02 03 04 06 07 09 10 12 13 15 17 19 20 25
3418: 02 03 04 05 06 07 08 10 12 13 16 20 21 23 24
3417: 03 04 06 07 08 09 10 11 12 13 15 17 22 24 25
3416: 02 03 04 05 07 10 11 12 13 14 17 19 20 21 24
3415: 01 02 04 06 07 10 11 13 14 15 16 17 18 21 25
3414: 01 02 04 05 06 10 12 13 14 16 18 21 22 24 25
3413: 01 02 03 04 09 11 12 13 16 18 19 20 22 23 25
3412: 03 04 06 07 11 12 13 14 16 17 19 21 22 23 24
3411: 01 02 05 06 10 13 14 15 16 18 20 22 23 24 25
3410: 01 04 05 07 08 09 10 11 12 13 14 16 18 23 24
3409: 01 02 04 05 06 09 10 11 12 13 14 16 21 22 23
3408: 02 03 06 07 09 10 11 13 14 15 18 19 20 24 25
3407: 03 06 07 08 09 11 12 13 14 15 16 17 19 20 25
3406: 01 03 05 06 07 09 10 13 14 17 19 21 22 23 25
3405: 02 06 07 11 12 13 14 15 16 17 18 20 22 23 25
3404: 02 03 04 05 07 08 11 12 13 16 17 19 21 22 25
3403: 01 02 04 07 08 09 11 12 13 15 18 19 21 22 25
3402: 01 02 04 07 09 10 11 13 14 15 18 19 20 24 25
3401: 02 03 04 05 06 08 09 12 15 16 17 18 20 21 25
3400: 01 03 04 05 07 08 09 11 13 14 16 19 22 23 24
3399: 01 03 05 06 08 10 13 14 15 16 17 21 23 24 25
3398: 01 02 03 04 05 07 09 10 12 14 16 17 18 19 24
3397: 01 03 04 06 07 09 10 11 12 13 17 18 20 22 23
3396: 01 02 03 04 05 06 07 10 11 12 15 16 17 19 22
3395: 02 04 05 06 07 08 10 12 16 17 19 20 22 23 24
3394: 01 02 03 04 05 06 07 09 10 11 16 17 18 19 22
3393: 01 02 07 08 10 11 12 14 15 17 18 19 23 24 25
3392: 01 02 03 06 07 08 09 11 13 14 17 18 19 22 24
3391: 01 04 06 07 10 11 12 14 15 16 17 20 21 23 25
3390: 01 02 03 04 06 08 12 13 15 16 19 20 21 22 24
3389: 01 06 07 08 09 10 12 15 17 18 20 21 22 23 24
3388: 02 03 04 05 06 08 12 14 16 17 18 19 21 22 25
3387: 01 03 04 06 08 09 10 12 13 14 15 17 22 23 25
3386: 01 02 03 04 05 08 11 13 15 16 19 20 21 22 23
3385: 01 02 03 06 07 08 11 13 14 17 18 20 23 24 25
3384: 02 03 04 08 09 10 11 12 14 15 17 21 22 23 25
3383: 01 02 03 04 05 06 08 09 10 11 13 14 15 23 24
3382: 02 03 04 05 08 09 11 13 15 19 21 22 23 24 25
3381: 07 08 09 10 11 12 14 15 16 17 18 19 20 21 25
3380: 02 05 06 07 11 12 14 15 16 17 20 21 23 24 25
3379: 03 05 06 07 09 10 11 12 14 15 17 21 22 24 25
3378: 01 03 04 06 07 09 12 13 14 15 17 18 19 24 25
3377: 01 02 03 05 06 07 09 10 11 16 18 19 21 22 25
3376: 01 02 04 05 07 09 10 11 14 17 18 21 23 24 25
3375: 01 02 03 07 08 09 12 15 16 20 21 22 23 24 25
3374: 04 05 06 07 08 10 11 12 14 15 17 18 20 21 24
3373: 01 03 04 06 10 12 13 14 15 17 19 21 22 23 24
3372: 01 03 04 07 08 09 11 12 13 15 18 19 20 22 24
3371: 06 07 08 11 13 15 16 17 18 19 20 21 22 23 24
3370: 02 05 06 07 08 09 10 11 12 14 17 18 23 24 25
3369: 01 04 05 06 08 09 10 13 18 19 20 22 23 24 25
3368: 01 02 04 05 07 09 10 13 14 16 19 21 22 23 25
3367: 01 02 03 07 08 09 10 13 14 15 16 18 20 21 22
3366: 02 03 05 06 08 11 14 15 16 18 19 21 22 24 25
3365: 01 02 04 05 06 08 10 11 12 13 14 15 18 20 23
3364: 02 06 07 10 11 12 13 14 18 20 21 22 23 24 25
3363: 03 05 08 09 11 13 15 16 17 18 19 20 22 24 25
3362: 01 02 03 04 06 10 11 13 14 15 16 21 22 23 24
3361: 01 02 05 08 09 10 11 13 16 17 18 20 22 23 24
3360: 01 02 03 04 06 08 09 10 11 16 17 20 21 23 25
3359: 01 02 07 08 09 11 13 14 16 19 20 22 23 24 25
3358: 01 02 04 06 07 08 09 10 11 14 15 17 18 19 24
3357: 01 02 03 05 07 08 09 11 13 14 15 19 20 24 25
3356: 04 06 07 08 11 14 15 16 17 18 19 20 22 23 24
3355: 01 02 03 05 08 09 11 12 13 14 18 19 20 22 25
3354: 01 02 03 05 07 08 09 13 14 15 16 18 20 24 25
3353: 01 03 05 07 08 12 13 14 16 17 18 20 23 24 25
3352: 01 02 03 10 11 13 14 15 16 18 19 21 22 23 25
3351: 01 04 05 08 09 11 13 14 15 16 17 18 19 22 24
3350: 01 02 07 10 12 13 14 16 18 19 20 21 22 23 25
3349: 01 03 04 06 09 10 11 12 13 14 17 19 21 23 25
3348: 02 04 05 07 08 09 10 13 18 20 21 22 23 24 25
3347: 01 02 03 04 05 06 08 10 11 12 14 16 17 22 24
3346: 02 04 05 07 08 09 10 11 13 14 16 18 20 23 25
3345: 01 02 04 09 11 12 13 14 17 18 19 20 21 23 24
3344: 01 02 04 06 09 10 12 13 14 15 19 21 23 24 25
3343: 01 02 06 07 09 11 13 15 16 17 19 20 21 22 25
3342: 01 02 05 07 08 10 12 13 16 17 18 19 20 22 24
3341: 01 02 04 06 07 08 11 12 13 14 17 19 21 24 25
3340: 01 03 06 09 11 13 14 15 17 19 21 22 23 24 25
3339: 03 04 05 09 10 11 12 13 14 16 17 19 21 24 25
3338: 01 02 04 06 07 09 10 13 14 15 16 18 21 24 25
3337: 01 03 04 05 07 08 10 11 14 15 16 18 19 23 24
3336: 01 05 06 07 11 14 15 16 17 19 20 21 22 23 25
3335: 01 02 03 05 07 08 09 11 12 15 17 18 19 20 25
3334: 02 03 04 06 08 11 14 15 16 17 19 20 22 23 25
3333: 01 03 04 05 08 09 11 13 15 19 20 21 22 24 25
3332: 01 04 05 06 07 08 09 11 15 16 17 18 19 20 21
3331: 03 05 06 07 08 09 10 11 12 15 17 18 21 23 25
3330: 01 02 07 09 10 12 13 14 15 18 21 22 23 24 25
3329: 01 03 04 05 08 11 12 13 15 16 19 22 23 24 25
3328: 01 02 04 05 06 07 10 13 14 15 17 19 21 22 23
3327: 02 09 10 11 13 14 15 16 17 19 20 21 22 23 24
3326: 01 02 03 06 10 11 12 13 15 16 19 20 21 22 23
3325: 01 03 04 06 07 10 12 14 17 18 20 22 23 24 25
3324: 02 03 04 06 07 10 11 12 13 14 15 16 20 22 24
3323: 03 04 05 06 08 09 11 14 16 19 20 21 22 23 24
3322: 02 03 06 07 08 09 10 11 13 14 15 16 17 22 23
3321: 02 04 07 08 10 11 12 15 16 17 18 20 22 24 25
3320: 02 03 04 05 06 08 09 12 15 17 18 19 22 24 25
3319: 01 04 05 06 07 14 15 16 17 19 20 21 22 23 25
3318: 01 03 06 09 10 11 12 13 14 15 19 20 22 24 25
3317: 01 02 03 04 05 06 11 12 13 14 18 20 21 22 25
3316: 02 03 07 10 11 14 15 16 17 18 20 21 22 23 25
3315: 02 03 04 06 07 08 09 11 12 14 17 18 21 24 25
3314: 01 02 03 05 06 07 08 10 13 14 15 17 19 22 25
3313: 01 04 05 06 07 09 11 13 14 16 17 18 19 20 24
3312: 01 02 03 04 05 06 08 09 13 15 16 17 20 21 25
3311: 02 03 04 05 06 09 10 11 12 14 17 19 20 22 24
3310: 01 02 04 05 06 07 10 12 13 16 18 19 20 21 24
3309: 02 03 05 09 10 11 13 14 15 18 19 21 22 23 25
3308: 01 06 07 08 10 11 12 13 14 15 16 18 23 24 25
3307: 01 05 08 09 10 11 12 16 18 19 21 22 23 24 25
3306: 04 05 06 08 09 10 11 14 15 17 18 19 21 22 24
3305: 03 04 05 07 08 09 12 13 17 19 20 21 23 24 25
3304: 01 03 04 05 07 09 10 11 12 14 15 19 20 21 23
3303: 02 03 04 05 06 07 08 13 16 18 20 21 22 23 24
3302: 01 02 03 05 06 08 09 10 11 12 13 15 19 24 25
3301: 03 04 05 07 08 10 11 14 15 18 19 20 22 24 25
3300: 02 03 04 05 08 11 12 14 15 16 18 21 22 24 25
3299: 01 02 03 06 07 09 10 13 14 15 17 20 22 24 25
3298: 01 03 04 06 07 10 11 15 17 18 19 20 21 22 24
3297: 05 06 07 09 10 12 13 15 17 20 21 22 23 24 25
3296: 01 02 05 06 08 10 11 13 15 17 18 19 20 21 22
3295: 01 02 03 05 07 08 10 11 13 16 17 20 21 22 25
3294: 01 02 06 09 10 12 13 16 17 18 19 20 22 24 25
3293: 02 03 07 09 10 11 12 15 16 18 19 20 22 24 25
3292: 01 03 05 06 08 09 10 12 13 17 18 19 21 24 25
3291: 01 03 04 05 06 07 10 12 14 15 16 17 18 20 23
3290: 01 04 07 08 11 12 13 14 15 17 18 19 21 24 25
3289: 01 02 04 05 07 09 11 13 14 16 19 20 21 22 24
3288: 01 02 03 04 06 08 09 10 11 12 13 14 18 22 24
3287: 01 02 03 04 06 11 12 13 14 15 16 20 22 23 25
3286: 01 04 05 06 07 08 11 13 14 18 20 21 23 24 25
3285: 01 03 04 06 07 09 10 11 13 14 15 17 20 23 24
3284: 03 04 05 06 08 14 16 17 18 19 20 21 22 24 25
3283: 09 10 11 13 14 15 16 17 18 19 21 22 23 24 25
3282: 06 07 08 09 10 11 12 16 17 18 19 21 22 24 25
3281: 03 05 06 08 09 11 12 13 14 16 17 21 22 23 24
3280: 02 04 05 08 10 11 12 14 15 17 18 20 22 24 25
3279: 02 04 05 07 09 10 14 17 18 19 21 22 23 24 25
3278: 05 06 07 08 11 12 13 17 18 19 20 21 22 24 25
3277: 01 03 07 08 09 10 11 13 15 16 18 20 21 24 25
3276: 02 04 05 07 08 09 10 13 14 15 16 19 20 22 24
3275: 03 04 05 06 09 10 11 13 14 15 19 20 22 23 24
3274: 01 02 03 04 05 07 08 11 14 16 19 20 23 24 25
3273: 02 04 06 07 08 10 12 15 16 17 21 22 23 24 25
3272: 01 02 03 06 07 08 10 13 14 15 16 18 22 23 25
3271: 01 04 05 07 08 09 10 11 13 15 16 18 21 23 25
3270: 01 02 03 05 06 09 10 12 14 16 17 18 19 22 25
3269: 02 04 05 07 08 10 11 12 14 16 18 19 21 23 24
3268: 01 02 06 07 10 11 12 14 16 17 18 20 23 24 25
3267: 01 03 04 05 08 10 11 13 15 18 19 20 22 23 24
3266: 01 03 04 05 06 09 10 11 12 13 14 16 17 20 23
3265: 02 03 05 06 07 08 10 13 15 16 17 19 20 23 24
3264: 03 04 05 06 07 09 10 11 13 14 16 20 21 23 25
3263: 02 04 06 08 11 13 14 15 16 17 19 20 21 22 24
3262: 01 03 06 07 08 09 10 12 13 14 15 18 19 20 24
3261: 03 04 05 06 07 08 10 11 12 14 15 16 21 24 25
3260: 01 02 04 06 11 14 15 16 17 18 21 22 23 24 25
3259: 01 03 04 06 08 09 10 11 12 14 15 18 22 23 25
3258: 02 03 04 05 07 09 10 11 12 13 19 20 21 23 25
3257: 01 02 03 05 06 08 09 10 11 13 14 16 19 22 25
3256: 01 02 03 06 09 10 11 13 14 15 16 18 19 21 24
3255: 01 02 05 06 07 08 09 10 12 16 19 20 21 24 25
3254: 03 04 05 06 07 08 10 11 16 17 18 19 21 22 24
3253: 01 03 09 11 12 13 15 17 18 19 20 21 23 24 25
3252: 05 08 10 11 12 14 15 16 17 18 20 21 23 24 25
3251: 01 02 03 06 07 08 09 10 16 17 18 19 20 21 23
3250: 01 02 03 04 07 08 09 10 11 12 13 14 19 22 23
3249: 01 03 05 06 07 08 10 11 12 13 14 16 20 21 22
3248: 01 03 04 05 06 08 10 11 12 14 16 18 19 20 25
3247: 02 06 08 10 11 12 14 15 16 18 19 21 22 23 25
3246: 04 06 07 08 10 14 15 16 19 20 21 22 23 24 25
3245: 01 03 04 05 06 09 13 15 18 19 20 21 23 24 25
3244: 01 02 03 04 06 07 09 10 12 14 15 16 17 19 25
3243: 01 05 07 08 09 10 11 12 14 17 20 22 23 24 25
3242: 01 02 03 05 07 10 12 15 16 17 18 20 21 23 25
3241: 02 04 05 07 08 10 12 13 14 16 18 22 23 24 25
3240: 02 03 05 08 09 11 12 13 14 15 17 18 20 22 23
3239: 02 03 04 07 08 09 10 11 14 15 16 17 18 22 24
3238: 01 04 05 09 10 11 13 14 16 17 18 20 21 22 24
3237: 01 02 05 06 07 09 10 11 13 16 18 20 21 23 24
3236: 01 09 10 11 12 13 15 16 17 18 20 22 23 24 25
3235: 02 03 06 07 10 11 12 15 16 17 19 20 21 22 24
3234: 05 06 09 10 11 12 14 16 17 18 19 21 22 23 24
3233: 02 03 04 05 06 07 11 14 15 16 19 20 21 23 24
3232: 01 04 05 06 07 09 10 12 13 14 16 17 20 22 25
3231: 01 02 03 04 05 06 09 16 18 19 20 22 23 24 25
3230: 01 03 04 05 06 09 10 11 12 13 16 19 20 21 22
3229: 01 04 07 08 10 11 12 13 14 17 19 20 22 23 25
3228: 04 05 06 07 08 09 10 11 12 16 19 20 21 23 25
3227: 01 04 05 06 07 08 09 12 13 14 15 17 19 20 21
3226: 01 02 03 04 06 08 09 11 12 14 15 18 19 20 22
3225: 01 02 03 04 08 11 12 15 16 17 18 20 21 22 25
3224: 01 02 03 05 06 08 10 14 16 17 18 20 22 23 25
3223: 01 03 06 07 08 09 12 13 16 18 19 20 22 23 25
3222: 01 02 06 07 08 09 12 15 16 18 19 20 21 23 24
3221: 01 02 04 05 06 08 10 11 13 15 16 20 21 23 24
3220: 01 03 04 06 07 09 10 11 13 15 17 18 19 20 22
3219: 01 08 09 10 12 13 14 16 18 19 20 22 23 24 25
3218: 02 03 04 05 06 08 13 15 16 17 20 21 23 24 25
3217: 02 03 04 05 06 08 09 10 11 16 18 21 22 24 25
3216: 01 03 04 06 08 09 10 11 12 13 15 16 19 20 25
3215: 04 05 06 07 08 10 11 13 14 15 16 17 20 22 24
3214: 02 03 05 07 08 10 11 13 15 18 19 22 23 24 25
3213: 01 02 04 07 08 09 10 11 13 16 19 20 21 22 25
3212: 01 04 06 07 10 12 14 15 16 18 19 21 22 23 25
3211: 01 02 03 05 12 13 15 16 17 18 19 21 22 23 25
3210: 01 03 04 07 09 10 12 16 17 18 19 20 21 24 25
3209: 01 02 03 04 07 09 10 11 14 15 16 17 19 20 24
3208: 01 06 08 09 10 12 13 14 15 16 18 19 20 22 25
3207: 01 02 03 04 06 08 09 11 12 13 15 17 18 20 23
3206: 04 05 07 09 10 13 14 15 16 19 20 21 23 24 25
3205: 01 03 04 07 08 10 12 13 16 17 19 21 23 24 25
3204: 02 03 05 06 11 12 13 16 17 18 19 20 21 22 23
3203: 02 03 04 05 10 11 12 15 17 18 19 20 22 24 25
3202: 03 04 06 08 10 11 12 14 15 17 18 19 22 23 25
3201: 02 04 05 06 08 10 11 13 19 20 21 22 23 24 25
3200: 01 02 04 05 06 08 10 12 14 16 17 19 22 23 25
3199: 01 02 04 08 10 11 13 14 15 20 21 22 23 24 25
3198: 02 03 05 06 07 08 09 10 12 14 16 20 22 24 25
3197: 03 04 06 09 11 12 13 15 16 18 19 20 22 24 25
3196: 01 02 03 04 05 07 09 12 13 17 19 20 21 22 25
3195: 01 02 03 04 05 09 11 13 18 19 20 21 23 24 25
3194: 01 02 04 06 08 09 12 13 15 17 18 20 21 24 25
3193: 02 04 06 07 09 10 11 12 13 18 20 22 23 24 25
3192: 01 02 03 04 05 06 08 09 12 13 18 20 21 24 25
3191: 01 03 04 05 06 10 11 14 15 17 19 22 23 24 25
3190: 03 04 05 06 10 12 13 15 16 18 19 21 22 23 25
3189: 02 04 07 09 11 12 13 15 18 19 20 21 23 24 25
3188: 02 03 04 06 09 10 12 13 15 16 17 18 20 23 25
3187: 01 07 11 12 13 14 16 17 19 20 21 22 23 24 25
3186: 01 05 08 10 11 12 13 15 17 18 19 20 21 23 25
3185: 01 02 05 06 07 11 12 14 15 17 18 19 20 24 25
3184: 01 04 05 07 08 12 14 17 18 19 21 22 23 24 25
3183: 01 04 05 07 08 10 11 13 15 16 17 18 22 24 25
3182: 01 02 04 05 06 07 09 10 12 15 18 19 21 22 23
3181: 03 06 07 08 10 11 13 16 18 19 20 21 22 23 24
3180: 02 04 05 06 08 10 12 13 15 16 17 18 19 20 21
3179: 03 04 05 07 08 11 12 16 17 18 21 22 23 24 25
3178: 01 03 04 05 06 07 09 10 14 16 19 20 23 24 25
3177: 01 03 05 06 07 08 10 14 15 18 19 20 21 23 24
3176: 01 02 03 06 07 08 11 12 14 15 17 21 22 24 25
3175: 01 02 03 05 06 07 08 09 10 11 13 17 22 23 24
3174: 01 02 03 04 05 07 10 12 14 16 20 21 22 24 25
3173: 01 02 03 05 06 08 09 10 12 14 15 16 21 22 24
3172: 02 04 05 06 08 09 11 12 13 14 15 17 19 23 25
3171: 01 06 07 08 12 13 14 15 17 18 19 20 21 22 23
3170: 01 02 05 06 08 09 10 12 14 15 16 17 21 22 25
3169: 03 04 06 07 10 11 13 14 15 16 19 21 22 23 24
3168: 01 02 03 08 09 10 12 14 15 16 18 19 20 23 24
3167: 01 02 03 05 06 07 08 12 13 14 17 18 19 23 25
3166: 03 05 06 07 11 12 13 14 16 17 18 20 22 23 24
3165: 02 03 04 05 07 08 09 10 11 12 13 15 17 21 24
3164: 01 02 03 04 06 07 08 09 10 12 14 15 17 20 22
3163: 05 06 07 09 10 13 15 17 18 19 21 22 23 24 25
3162: 01 02 03 06 08 10 12 14 16 17 18 20 22 24 25
3161: 01 02 04 05 06 08 10 12 15 16 20 21 23 24 25
3160: 01 03 05 06 07 09 11 12 14 15 17 20 22 23 24
3159: 01 02 03 04 05 06 07 08 10 12 16 20 21 22 23
3158: 01 02 04 09 10 11 12 14 15 17 19 22 23 24 25
3157: 01 02 04 05 07 08 09 10 11 13 14 17 18 20 21
3156: 01 05 06 08 09 10 12 14 16 17 18 19 20 21 22
3155: 01 04 05 06 07 08 10 11 13 15 16 18 19 20 21
3154: 01 02 03 04 08 09 12 14 15 16 18 20 23 24 25
3153: 01 02 03 05 07 08 10 13 15 18 21 22 23 24 25
3152: 01 02 05 06 07 08 09 10 14 15 19 21 22 23 25
3151: 02 03 05 06 07 08 10 12 14 15 16 18 22 23 25
3150: 01 02 05 06 09 11 12 13 14 15 16 17 20 24 25
3149: 01 03 05 06 08 09 11 12 14 15 17 19 20 21 23
3148: 01 02 05 07 08 09 10 12 16 19 21 22 23 24 25
3147: 02 04 05 06 07 08 10 11 13 14 15 16 17 18 24
3146: 02 03 05 08 09 11 13 14 15 17 18 19 20 22 23
3145: 01 02 04 07 09 12 13 14 16 17 18 19 20 23 25
3144: 01 03 04 06 07 08 10 12 13 14 15 16 18 22 24
3143: 02 05 06 09 12 13 14 15 17 18 19 20 21 23 25
3142: 01 03 04 06 07 09 10 13 14 15 16 17 18 20 22
3141: 02 03 07 08 10 11 13 14 15 17 19 20 22 23 24
3140: 01 02 03 06 07 08 10 11 14 15 17 19 22 23 25
3139: 01 03 04 06 07 08 09 11 13 15 17 18 20 21 25
3138: 01 02 03 04 06 07 17 18 19 20 21 22 23 24 25
3137: 01 04 06 07 08 09 12 13 15 18 20 21 23 24 25
3136: 02 04 06 08 10 12 13 14 15 17 18 19 20 22 23
3135: 01 02 03 05 09 10 11 13 17 20 21 22 23 24 25
3134: 01 03 06 07 08 09 12 13 14 15 18 19 20 21 25
3133: 02 05 06 09 10 11 12 14 15 17 19 20 22 24 25
3132: 02 03 04 05 07 10 11 13 14 15 16 22 23 24 25
3131: 02 03 04 05 06 07 08 09 12 14 17 22 23 24 25
3130: 01 02 05 08 09 10 12 13 14 15 16 20 21 22 24
3129: 01 02 04 06 07 08 14 15 16 17 18 19 22 23 25
3128: 01 02 05 08 09 10 11 13 14 16 17 18 20 21 24
3127: 02 03 04 07 12 14 15 16 18 20 21 22 23 24 25
3126: 01 04 05 06 07 09 10 13 14 16 19 21 23 24 25
3125: 03 05 06 09 10 12 13 14 16 17 18 19 20 21 24
3124: 01 03 05 09 12 13 14 15 16 17 19 20 21 22 25
3123: 01 03 05 08 09 13 14 15 16 17 21 22 23 24 25
3122: 01 02 03 04 07 12 13 15 17 18 19 21 22 23 25
3121: 01 02 03 04 06 07 08 11 14 17 19 22 23 24 25
3120: 01 03 04 05 07 08 10 11 13 15 16 17 18 19 21
3119: 02 04 07 08 09 10 12 14 16 19 21 22 23 24 25
3118: 01 06 07 10 11 12 14 15 18 19 21 22 23 24 25
3117: 01 02 04 07 09 11 12 15 16 17 18 19 21 22 23
3116: 02 03 04 05 07 09 12 14 15 16 19 21 22 23 24
3115: 01 03 04 06 09 11 12 13 15 16 18 20 22 24 25
3114: 02 03 04 05 06 07 08 10 12 13 14 16 21 23 25
3113: 01 03 05 06 08 09 11 14 16 18 21 22 23 24 25
3112: 01 02 03 05 07 08 09 11 12 15 16 18 19 20 22
3111: 02 03 04 05 07 09 10 12 13 15 16 18 19 22 23
3110: 01 03 04 06 09 12 13 14 15 16 18 20 23 24 25
3109: 01 03 05 08 09 10 12 15 16 17 18 19 20 21 23
3108: 02 03 04 06 07 11 12 13 14 15 18 20 22 23 25
3107: 01 02 03 04 05 07 09 10 12 13 16 17 19 23 25
3106: 02 03 04 07 10 12 13 14 15 17 19 20 21 22 25
3105: 02 04 05 06 08 10 12 14 15 16 17 22 23 24 25
3104: 01 02 03 04 05 06 08 09 10 13 15 17 19 24 25
3103: 02 05 06 07 08 11 12 13 15 16 17 22 23 24 25
3102: 01 08 10 11 12 13 14 15 16 18 19 20 21 24 25
3101: 03 08 09 10 11 12 15 17 18 19 20 21 23 24 25
3100: 01 02 03 04 06 08 09 10 15 16 18 20 21 22 25
3099: 01 05 06 07 08 10 11 12 17 18 20 21 22 23 25
3098: 01 02 03 05 06 08 10 11 13 14 15 16 19 21 24
3097: 01 02 03 04 07 08 09 12 13 14 15 17 18 20 25
3096: 02 03 04 06 09 13 14 15 16 17 19 20 21 22 25
3095: 01 02 04 05 06 07 08 10 11 12 19 21 22 23 24
3094: 02 03 04 05 06 08 10 12 13 14 15 17 18 21 22
3093: 01 02 03 05 06 07 10 12 14 16 17 20 22 24 25
3092: 01 04 05 06 08 09 10 13 15 17 20 21 22 23 25
3091: 02 04 05 08 09 11 13 14 15 18 19 20 21 24 25
3090: 01 03 04 08 10 11 13 14 17 18 19 21 22 23 25
3089: 01 02 04 05 08 10 11 12 13 15 18 20 21 22 23
3088: 01 02 03 05 09 10 11 13 15 18 20 21 22 23 25
3087: 01 02 03 04 05 06 07 10 12 14 17 18 21 24 25
3086: 01 03 04 05 06 07 11 12 13 16 17 18 19 21 23
3085: 02 03 04 06 07 09 11 12 13 14 15 19 20 24 25
3084: 01 02 04 05 09 12 16 17 18 19 20 22 23 24 25
3083: 02 04 05 07 08 09 10 11 12 15 18 19 20 21 23
3082: 01 03 04 05 06 07 09 10 12 13 17 18 19 21 24
3081: 01 02 04 05 06 10 13 15 17 18 19 21 23 24 25
3080: 01 03 04 05 06 07 09 10 11 13 15 17 18 20 25
3079: 01 02 04 05 06 07 08 10 12 13 14 16 18 24 25
3078: 02 06 07 08 09 10 11 13 14 15 19 20 21 22 23
3077: 02 05 07 08 09 10 11 12 15 16 17 18 21 22 23
3076: 01 02 05 06 07 09 10 12 13 14 16 17 22 24 25
3075: 01 03 04 06 07 09 12 13 14 15 16 17 20 22 25
3074: 02 03 04 06 07 08 09 10 16 17 19 20 23 24 25
3073: 01 02 03 05 07 08 09 10 11 12 16 17 22 24 25
3072: 01 02 03 04 05 06 08 11 13 14 15 17 20 21 25
3071: 01 02 04 07 08 10 11 12 14 15 17 19 21 23 25
3070: 03 05 07 08 10 11 13 14 15 19 20 21 23 24 25
3069: 03 04 05 09 11 12 14 15 16 17 19 20 22 23 25
3068: 01 02 03 04 05 06 10 11 12 13 14 16 18 19 25
3067: 01 02 05 07 08 09 11 13 14 17 19 20 21 22 24
3066: 01 03 05 10 11 12 13 14 16 17 19 21 22 23 25
3065: 01 06 07 09 10 12 14 15 16 17 20 21 22 23 24
3064: 04 05 06 07 10 11 12 13 14 15 17 18 21 23 25
3063: 02 04 05 07 08 10 12 14 16 17 18 19 20 21 22
3062: 02 04 06 07 08 09 10 11 12 13 17 19 20 24 25
3061: 01 02 03 08 09 11 12 13 14 15 17 18 19 20 22
3060: 02 04 05 07 08 10 12 13 14 17 19 21 22 24 25
3059: 01 03 04 05 07 08 11 12 15 16 18 19 20 21 25
3058: 01 02 05 07 08 09 10 13 14 15 16 19 22 24 25
3057: 01 03 04 08 11 13 15 16 18 19 20 21 22 23 24
3056: 01 02 03 04 05 08 09 15 16 17 19 21 22 23 25
3055: 02 03 07 08 09 10 11 12 14 15 17 20 21 22 23
3054: 01 02 04 08 09 10 14 15 18 19 20 21 22 23 24
3053: 02 04 05 07 08 12 13 14 16 17 18 19 21 22 23
3052: 02 03 04 08 09 10 11 14 15 18 19 20 21 23 24
3051: 02 03 04 06 09 10 11 12 15 17 18 20 21 22 25
3050: 04 05 06 07 08 09 14 18 19 20 21 22 23 24 25
3049: 01 02 03 04 05 07 08 09 12 13 14 15 17 19 20
3048: 03 04 05 07 08 10 11 16 18 19 20 21 23 24 25
3047: 01 02 04 07 08 09 10 11 14 15 17 18 21 24 25
3046: 01 03 04 05 06 07 12 13 15 18 20 21 22 23 25
3045: 02 03 05 08 09 10 12 15 16 17 18 20 21 23 25
3044: 02 03 06 08 09 12 13 16 17 18 19 20 21 22 24
3043: 01 02 03 04 08 09 10 12 13 14 15 17 18 24 25
3042: 01 03 04 05 07 08 09 10 11 17 19 21 22 24 25
3041: 01 03 05 08 09 10 11 12 13 15 16 18 21 22 25
3040: 02 03 04 05 07 08 09 10 11 12 14 16 18 20 21
3039: 01 02 04 05 06 07 08 10 11 13 18 19 22 24 25
3038: 02 03 04 05 11 12 16 17 18 20 21 22 23 24 25
3037: 01 02 03 04 07 08 09 10 11 12 15 16 20 22 23
3036: 01 04 05 07 08 09 11 13 14 17 18 20 21 22 25
3035: 01 05 07 08 09 12 13 14 17 18 20 21 23 24 25
3034: 02 03 06 07 08 09 11 12 13 14 16 18 19 22 25
3033: 01 02 03 04 06 07 09 10 11 13 15 19 23 24 25
3032: 01 02 04 06 07 08 10 11 14 15 17 18 19 23 24
3031: 02 03 06 07 08 09 10 11 12 13 14 20 23 24 25
3030: 01 03 04 05 06 08 10 13 14 15 17 18 22 24 25
3029: 05 06 07 08 09 10 12 13 15 16 17 18 20 22 25
3028: 01 02 03 04 06 10 11 15 17 18 19 21 22 24 25
3027: 03 05 06 08 11 13 14 15 17 18 19 20 22 23 25
3026: 01 02 03 04 05 06 09 10 12 15 16 17 21 22 23
3025: 03 04 06 07 08 11 12 13 14 16 19 21 22 23 24
3024: 01 02 04 06 07 09 11 12 15 17 19 22 23 24 25
3023: 02 03 06 07 10 12 13 15 16 18 20 21 22 23 25
3022: 06 07 08 09 10 12 13 14 15 16 17 20 21 23 25
3021: 02 04 05 07 08 10 11 12 13 14 19 20 23 24 25
3020: 02 03 06 07 10 13 14 15 17 18 19 20 22 23 24
3019: 01 02 03 04 06 09 10 11 12 13 16 17 18 20 21
3018: 01 02 03 05 09 10 13 15 16 17 20 21 23 24 25
3017: 01 02 03 05 06 07 09 11 12 15 16 17 19 20 21
3016: 01 03 05 07 08 09 10 11 12 13 18 20 23 24 25
3015: 01 03 04 05 06 07 08 10 12 13 14 17 19 20 22
3014: 02 05 07 08 09 11 12 13 14 16 17 19 21 23 24
3013: 01 02 03 05 07 08 10 11 13 15 17 18 19 21 22
3012: 01 02 03 05 06 07 14 15 16 17 20 21 23 24 25
3011: 01 02 03 04 05 07 08 09 10 11 13 15 21 23 24
3010: 01 02 03 06 07 08 11 12 14 15 16 17 18 20 25
3009: 02 03 04 07 09 11 12 14 18 19 20 22 23 24 25
3008: 01 02 04 06 07 08 09 10 12 13 15 16 18 19 24
3007: 02 03 04 10 11 12 14 15 16 20 21 22 23 24 25
3006: 01 03 04 05 06 08 09 10 11 12 15 19 21 23 25
3005: 01 02 03 05 07 09 10 12 13 16 18 19 21 24 25
3004: 01 04 05 08 09 10 11 12 14 16 18 19 21 24 25
3003: 01 02 05 08 09 10 11 13 14 16 18 19 22 23 25
3002: 03 04 06 07 08 10 12 14 15 18 19 21 22 23 25
3001: 02 04 06 10 11 12 13 14 18 19 20 21 23 24 25
3000: 01 02 05 06 09 10 11 12 15 17 18 19 21 24 25
2999: 01 02 03 04 07 10 11 13 17 18 19 20 22 24 25
2998: 02 06 07 09 10 12 13 14 16 17 18 19 21 23 25
2997: 02 03 04 05 07 08 09 11 14 17 19 20 22 23 25
2996: 01 02 03 04 05 10 11 14 15 17 18 19 20 22 24
2995: 01 02 03 04 06 11 12 16 19 20 21 22 23 24 25
2994: 02 03 04 05 08 09 11 13 15 16 17 18 19 20 21
2993: 01 02 03 04 05 07 08 12 13 15 16 18 19 24 25
2992: 01 04 05 06 08 09 12 14 17 18 19 21 22 23 25
2991: 01 02 03 04 05 06 09 11 12 13 14 16 22 23 25
2990: 03 04 05 06 10 12 13 16 18 20 21 22 23 24 25
2989: 01 02 04 11 12 13 15 16 18 19 20 22 23 24 25
2988: 01 03 06 07 09 10 11 12 13 14 17 19 20 22 23
2987: 01 03 04 06 07 08 11 12 13 14 15 16 17 18 20
2986: 01 03 04 07 10 12 13 14 16 18 19 20 22 23 25
2985: 02 03 04 05 07 11 12 14 15 18 19 21 22 24 25
2984: 02 03 05 06 07 08 09 13 14 15 18 20 23 24 25
2983: 01 02 03 04 06 07 08 09 12 13 15 19 23 24 25
2982: 02 06 07 08 10 12 14 15 16 18 19 20 21 23 24
2981: 01 02 05 06 09 10 13 14 17 19 20 21 22 24 25
2980: 01 02 04 07 08 12 14 15 16 17 19 20 21 24 25
2979: 02 04 05 06 08 09 10 11 13 14 19 20 22 24 25
2978: 05 06 07 10 12 13 14 15 16 17 20 21 23 24 25
2977: 03 05 06 07 08 09 10 11 13 14 18 20 22 24 25
2976: 01 02 04 06 08 09 10 12 13 14 17 18 20 21 24
2975: 05 08 11 12 13 14 15 16 17 18 20 21 22 23 24
2974: 04 06 08 09 10 12 13 14 15 16 18 19 20 21 24
2973: 01 02 04 06 08 09 10 11 14 16 17 18 19 20 25
2972: 03 04 05 06 08 11 12 13 14 18 19 20 21 24 25
2971: 01 02 04 05 10 11 12 14 15 16 17 18 20 21 25
2970: 01 02 03 08 09 11 12 13 14 15 18 20 21 22 25
2969: 03 04 05 06 09 11 13 17 18 19 20 21 22 23 24
2968: 02 04 05 06 07 09 10 13 14 15 18 19 20 21 23
2967: 01 02 03 04 06 07 08 09 14 17 18 19 20 22 25
2966: 01 03 04 06 07 08 11 12 13 17 18 19 20 22 23
2965: 01 03 07 08 10 11 12 14 15 16 17 18 19 23 24
2964: 01 03 04 05 07 09 10 11 12 14 18 20 22 23 25
2963: 01 02 03 04 09 10 11 12 13 14 15 18 21 24 25
2962: 01 03 06 07 09 11 12 14 15 17 18 20 22 24 25
2961: 01 03 04 05 07 08 09 10 13 15 17 18 20 23 25
2960: 01 02 03 04 05 08 09 11 12 15 16 19 20 23 25
2959: 01 03 04 05 08 10 11 14 15 16 20 21 23 24 25
2958: 04 06 07 08 10 11 12 13 14 18 20 22 23 24 25
2957: 01 02 04 05 07 08 09 10 11 15 17 19 20 21 24
2956: 03 05 07 09 14 16 17 18 19 20 21 22 23 24 25
2955: 01 02 03 04 06 08 11 12 13 16 17 18 19 23 24
2954: 01 02 03 05 07 09 10 12 14 18 19 22 23 24 25
2953: 01 03 04 05 07 08 09 13 17 18 19 20 21 22 23
2952: 01 02 03 04 05 06 08 09 11 12 16 19 20 21 22
2951: 01 03 06 08 09 10 13 15 16 17 18 19 20 21 22
2950: 01 03 06 07 08 09 10 13 14 16 17 19 20 22 25
2949: 06 07 09 12 13 14 15 16 17 18 20 21 22 23 24
2948: 01 03 05 07 08 09 10 11 12 16 18 21 23 24 25
2947: 02 03 04 06 07 08 09 11 12 13 15 20 22 24 25
2946: 01 03 04 05 10 12 13 14 15 16 19 20 23 24 25
2945: 05 06 07 08 10 13 14 15 17 18 19 20 21 22 25
2944: 01 02 04 05 06 07 11 12 13 15 17 18 20 21 24
2943: 01 04 05 08 09 10 11 12 15 16 17 18 19 20 25
2942: 04 05 06 07 08 09 10 14 16 17 18 19 20 23 25
2941: 04 05 06 07 08 10 11 12 14 17 20 21 22 24 25
2940: 01 02 05 07 08 09 11 12 13 14 15 20 21 24 25
2939: 02 03 05 06 07 09 10 11 12 13 17 18 20 22 23
2938: 01 02 03 04 05 06 08 09 10 11 15 17 20 21 24
2937: 01 02 03 04 05 06 08 09 10 13 17 21 23 24 25
2936: 01 04 08 09 10 11 12 13 16 18 19 20 21 23 24
2935: 01 03 04 06 08 09 13 14 15 19 20 21 22 24 25
2934: 02 03 06 07 08 10 11 12 13 16 18 19 20 23 24
2933: 01 02 03 04 06 07 08 10 14 15 17 18 20 22 25
2932: 02 05 06 07 08 09 10 11 14 16 17 18 20 21 24
2931: 01 02 04 05 06 07 11 13 14 16 17 18 19 20 21
2930: 01 02 03 04 06 07 09 10 11 14 16 19 21 22 23
2929: 01 02 04 06 07 09 11 12 15 17 18 20 21 24 25
2928: 01 03 04 06 07 09 13 14 15 16 17 18 19 21 24
2927: 01 04 07 08 09 11 12 14 15 16 17 21 22 23 24
2926: 01 02 03 04 07 08 09 13 15 17 18 19 22 24 25
2925: 03 04 05 06 07 08 09 10 11 18 21 22 23 24 25
2924: 02 03 04 05 06 07 08 09 12 13 14 18 20 23 24
2923: 04 06 07 09 11 12 13 16 17 18 20 22 23 24 25
2922: 01 02 04 05 06 08 11 12 13 15 16 17 19 21 24
2921: 01 03 04 07 09 13 14 15 16 17 18 19 21 22 24
2920: 01 02 04 05 06 07 09 10 12 13 14 17 18 21 22
2919: 03 04 05 06 07 09 10 13 16 17 18 20 22 24 25
2918: 02 06 07 08 10 11 12 14 15 16 18 20 23 24 25
2917: 03 04 06 09 10 14 15 16 17 19 20 21 23 24 25
2916: 01 03 05 11 12 14 15 17 18 19 20 21 22 24 25
2915: 02 04 06 07 09 11 12 13 14 15 16 19 21 23 25
2914: 03 04 05 06 07 08 09 10 11 16 17 18 20 21 25
2913: 03 04 06 07 08 09 10 12 15 17 19 21 22 24 25
2912: 01 02 04 06 10 11 14 15 16 17 19 20 22 23 25
2911: 03 04 06 08 09 10 11 16 18 19 20 22 23 24 25
2910: 01 02 06 07 08 09 10 13 15 18 19 20 21 23 24
2909: 02 05 06 07 09 10 12 16 17 18 19 20 21 23 24
2908: 05 06 07 10 11 12 13 14 16 17 18 19 20 22 24
2907: 01 02 03 07 08 09 10 13 14 15 16 17 20 22 23
2906: 01 02 03 05 06 07 09 13 15 16 17 18 19 20 23
2905: 01 02 03 04 06 09 10 11 13 14 16 20 22 23 24
2904: 01 02 04 05 08 09 10 11 14 17 18 20 21 22 24
2903: 02 03 04 05 10 12 14 16 17 18 20 21 23 24 25
2902: 02 03 04 05 06 07 08 10 11 13 15 19 21 24 25
2901: 01 04 05 09 10 13 14 15 16 17 20 21 22 23 25
2900: 01 03 04 05 06 07 10 11 14 18 19 20 23 24 25
2899: 02 03 05 07 08 10 13 14 15 16 17 18 19 22 25
2898: 01 06 09 10 12 14 15 16 17 18 20 21 22 23 24
2897: 01 07 09 10 11 12 13 14 17 18 19 21 23 24 25
2896: 01 02 05 07 08 09 11 13 15 16 17 18 20 23 24
2895: 02 03 05 08 09 11 14 15 16 17 18 21 22 24 25
2894: 01 02 03 04 05 06 07 08 13 14 15 17 20 22 23
2893: 01 04 05 06 08 09 10 11 17 19 20 21 23 24 25
2892: 04 05 06 08 09 10 14 16 17 18 19 20 21 22 23
2891: 01 02 05 06 10 11 12 13 15 17 18 20 21 23 24
2890: 01 04 06 07 09 10 11 12 15 16 18 19 20 21 23
2889: 02 04 06 07 08 10 12 14 15 16 18 20 23 24 25
2888: 01 02 04 07 08 10 12 13 15 17 19 20 22 24 25
2887: 01 02 03 07 09 10 11 12 17 18 19 20 21 22 24
2886: 01 04 05 07 08 09 13 14 15 16 17 19 22 24 25
2885: 02 03 07 08 10 11 14 16 17 18 19 21 22 23 24
2884: 01 02 03 06 07 10 11 12 14 16 18 20 21 22 23
2883: 05 07 08 09 10 11 12 13 15 17 18 19 20 21 25
2882: 02 03 06 07 09 10 14 16 17 19 20 21 22 23 24
2881: 01 03 04 06 07 10 11 12 13 16 18 19 20 23 25
2880: 01 02 04 05 07 08 09 12 13 14 15 21 22 23 25
2879: 01 02 03 04 06 07 10 12 13 16 17 19 20 24 25
2878: 01 02 04 05 07 11 12 13 14 15 18 20 21 22 24
2877: 01 03 07 09 10 12 13 14 15 17 19 20 22 24 25
2876: 02 03 05 06 07 08 09 10 14 15 16 18 20 22 25
2875: 01 02 04 06 07 08 09 11 12 13 14 15 18 19 25
2874: 01 03 04 06 07 09 10 11 12 13 17 18 19 20 23
2873: 01 06 07 08 10 12 14 15 16 18 21 22 23 24 25
2872: 01 02 06 07 09 12 13 14 17 18 19 21 22 23 25
2871: 01 02 05 06 07 08 09 10 12 16 17 20 21 23 25
2870: 01 02 04 05 07 09 10 11 14 15 16 17 19 22 25
2869: 01 02 03 04 06 07 09 10 11 13 16 19 23 24 25
2868: 01 02 03 04 06 07 08 09 10 14 17 22 23 24 25
2867: 01 05 07 09 10 12 13 14 15 18 20 21 22 23 25
2866: 01 02 03 07 08 09 11 12 14 16 17 21 22 24 25
2865: 02 04 05 06 09 11 12 13 14 15 18 20 21 22 23
2864: 03 04 05 06 07 08 09 10 11 15 16 17 19 22 23
2863: 01 02 05 06 07 08 09 11 13 14 19 20 21 22 25
2862: 01 02 03 04 06 08 09 12 13 16 18 20 21 22 23
2861: 01 05 07 10 11 12 14 15 16 17 18 19 20 21 25
2860: 01 02 03 04 05 08 09 12 13 14 15 16 18 20 21
2859: 01 02 05 06 08 09 10 11 12 14 17 18 21 22 25
2858: 01 02 04 05 06 08 11 12 13 15 17 19 20 22 24
2857: 01 03 04 06 07 08 09 10 12 15 16 17 19 22 23
2856: 01 02 03 04 05 07 09 12 15 18 20 22 23 24 25
2855: 01 02 03 04 07 08 09 10 16 17 19 21 22 23 24
2854: 01 03 05 07 08 09 10 12 14 15 17 19 20 23 25
2853: 01 02 03 04 05 09 11 12 13 14 17 21 22 24 25
2852: 01 02 04 06 08 09 10 12 13 14 15 17 19 22 24
2851: 01 03 05 06 08 09 10 12 15 16 19 20 21 22 25
2850: 01 02 06 09 11 12 14 15 16 18 19 20 22 23 24
2849: 01 02 06 09 10 11 12 15 16 18 19 20 21 24 25
2848: 01 02 04 06 07 09 11 12 13 16 17 19 23 24 25
2847: 02 04 05 06 08 09 10 12 13 14 15 18 21 22 24
2846: 04 06 08 09 10 12 13 14 15 17 19 20 21 23 24
2845: 01 02 05 07 08 10 11 12 15 17 18 19 20 23 24
2844: 04 05 06 07 10 11 12 13 14 17 21 22 23 24 25
2843: 02 04 07 09 10 12 13 16 18 20 21 22 23 24 25
2842: 03 06 07 08 10 11 12 13 17 18 20 21 22 24 25
2841: 03 05 06 07 08 09 14 17 18 19 20 21 23 24 25
2840: 01 02 04 05 06 07 10 11 13 14 16 20 22 24 25
2839: 01 03 04 05 06 10 12 13 15 16 17 18 20 21 24
2838: 03 04 05 06 07 08 10 11 12 13 15 16 21 23 25
2837: 01 02 05 06 08 10 12 17 18 19 20 21 22 24 25
2836: 01 02 03 04 07 09 12 14 15 17 18 20 21 22 23
2835: 02 04 06 07 08 09 10 12 13 14 15 16 21 22 25
2834: 01 06 08 10 11 12 13 14 17 19 20 21 22 23 25
2833: 02 03 04 05 06 11 13 14 16 18 19 22 23 24 25
2832: 01 02 03 05 06 11 14 15 16 19 20 21 22 23 24
2831: 02 03 05 07 10 11 13 14 15 16 17 19 20 22 25
2830: 02 03 04 08 09 10 11 12 13 17 18 20 21 22 25
2829: 02 03 05 06 07 08 09 10 11 13 14 15 17 18 25
2828: 01 05 06 08 11 12 14 15 16 17 18 19 20 21 25
2827: 01 02 03 05 06 07 10 13 15 16 17 18 19 21 24
2826: 01 02 03 05 07 09 11 12 13 16 17 18 19 21 23
2825: 02 03 04 06 07 08 09 14 17 18 20 21 22 24 25
2824: 01 02 05 07 09 12 13 14 15 16 20 21 22 24 25
2823: 01 04 06 13 14 15 16 17 18 19 20 21 23 24 25
2822: 01 03 04 05 06 09 10 11 12 17 20 21 23 24 25
2821: 02 03 04 05 06 08 09 10 12 13 19 20 21 22 23
2820: 04 05 06 09 10 12 13 14 17 18 19 20 21 23 25
2819: 01 02 04 05 06 08 10 11 14 18 20 21 22 23 24
2818: 01 02 03 04 05 07 09 10 11 12 13 14 15 17 24
2817: 03 04 05 07 08 12 13 17 18 19 20 21 22 24 25
2816: 01 02 08 09 11 13 14 15 16 18 19 21 22 24 25
2815: 03 04 05 06 07 08 09 10 13 16 18 19 22 24 25
2814: 01 02 04 07 08 11 12 13 15 19 20 22 23 24 25
2813: 01 02 03 04 07 11 13 14 15 18 19 21 22 24 25
2812: 01 03 08 11 12 13 14 15 19 20 21 22 23 24 25
2811: 02 03 04 05 06 07 08 09 10 11 15 16 22 23 25
2810: 02 04 05 07 10 11 12 13 14 18 19 20 23 24 25
2809: 01 02 04 05 07 08 13 15 18 19 20 21 22 24 25
2808: 04 06 08 09 10 12 13 14 15 18 19 20 21 22 24
2807: 01 03 05 06 07 09 10 11 12 13 14 15 16 22 24
2806: 01 02 03 04 05 11 12 13 14 16 17 19 20 23 25
2805: 05 06 07 08 10 11 12 13 14 18 19 20 22 23 25
2804: 02 03 04 07 08 09 10 11 12 13 14 16 21 23 24
2803: 01 05 06 07 08 09 12 13 14 16 18 20 21 24 25
2802: 01 02 03 04 06 08 09 12 13 16 17 18 22 23 25
2801: 01 02 03 07 09 12 15 16 17 18 19 20 22 24 25
2800: 02 03 05 06 07 09 13 14 15 16 17 20 21 22 23
2799: 01 03 06 09 10 11 13 14 15 16 18 20 21 22 23
2798: 01 02 03 05 07 08 12 14 15 16 18 20 22 23 24
2797: 03 04 05 06 10 11 13 14 16 18 19 20 22 23 25
2796: 01 03 04 07 09 10 12 15 16 19 20 21 22 24 25
2795: 01 02 03 04 05 06 07 08 09 11 15 18 19 22 25
2794: 01 02 03 05 06 08 10 14 15 16 17 20 21 22 25
2793: 02 03 04 05 06 07 08 13 14 15 18 20 21 22 24
2792: 01 03 06 08 09 10 11 13 16 17 18 20 21 23 25
2791: 03 04 06 08 10 11 14 15 16 17 20 22 23 24 25
2790: 02 03 05 07 08 09 10 11 12 13 16 20 21 22 25
2789: 03 04 06 07 08 09 10 12 13 14 15 18 19 20 25
2788: 02 03 05 06 07 08 09 10 12 14 15 19 20 24 25
2787: 01 04 07 09 11 12 14 16 18 19 21 22 23 24 25
2786: 01 02 03 05 06 07 10 12 15 16 17 18 21 23 25
2785: 01 04 05 09 11 14 15 17 18 19 20 21 23 24 25
2784: 01 02 03 04 06 07 08 10 11 14 15 19 21 22 25
2783: 02 04 07 08 09 10 11 13 15 19 20 21 22 24 25
2782: 01 04 06 09 10 11 12 16 17 18 19 20 22 23 24
2781: 03 04 05 07 08 10 14 15 16 17 18 20 23 24 25
2780: 03 04 07 09 10 11 13 14 17 19 20 21 22 23 24
2779: 01 02 06 07 08 09 10 11 12 15 18 20 21 23 25
2778: 01 04 05 06 09 10 11 12 13 15 18 19 20 22 25
2777: 03 06 07 08 09 11 12 13 14 15 17 20 21 24 25
2776: 01 02 04 05 08 12 13 14 15 17 18 19 20 22 23
2775: 01 02 03 04 08 12 14 15 18 19 20 22 23 24 25
2774: 01 02 04 06 08 12 13 15 18 20 21 22 23 24 25
2773: 01 02 03 04 05 07 11 14 16 18 20 21 22 23 24
2772: 01 02 05 07 08 09 10 11 12 16 17 19 23 24 25
2771: 04 06 07 08 09 12 15 16 17 18 19 20 22 23 25
2770: 02 03 04 06 08 10 11 12 13 15 18 19 20 21 23
2769: 01 02 03 05 07 08 10 11 12 16 17 18 21 24 25
2768: 01 04 05 07 09 11 13 14 15 16 19 20 22 23 25
2767: 02 03 06 07 08 11 15 16 17 18 19 20 21 22 24
2766: 01 03 04 06 08 09 11 14 15 17 19 21 22 23 25
2765: 02 03 05 06 07 11 14 15 16 19 20 21 23 24 25
2764: 01 02 04 05 07 10 11 12 13 16 19 20 23 24 25
2763: 01 02 04 06 08 09 10 11 13 15 16 18 19 20 23
2762: 02 05 06 09 10 11 12 13 16 17 19 21 22 23 24
2761: 01 02 03 04 08 11 13 14 15 17 18 19 20 21 22
2760: 01 02 04 06 07 10 11 13 14 15 17 18 20 22 24
