2960: 11 15 16 18 21 26 27 29 37 43 46 49 50 57 60 65 69 78 88 91
2959: 05 08 10 12 22 27 33 35 36 43 49 50 56 61 63 64 65 70 74 93
2958: 03 04 07 11 12 21 26 33 38 71 73 74 78 80 84 88 89 92 94 95
2957: 00 01 09 10 12 13 18 25 35 37 38 46 54 72 79 80 82 83 84 91
2956: 08 18 22 23 30 31 32 42 43 49 59 63 64 66 69 75 78 80 84 89
2955: 03 05 10 12 16 17 20 29 35 36 40 46 47 48 53 71 73 79 81 85
2954: 00 07 10 12 16 21 37 39 47 48 62 66 74 81 84 85 87 90 93 99
2953: 00 01 10 11 16 17 29 30 31 38 56 57 65 75 88 89 90 95 96 98
2952: 03 07 15 17 20 21 23 28 30 46 48 56 60 61 65 69 77 91 92 95
2951: 07 08 10 12 13 14 16 17 33 34 37 39 44 46 48 56 61 62 80 82
2950: 00 04 07 09 11 23 25 26 29 36 44 48 64 65 68 73 74 78 83 90
2949: 02 03 07 09 15 19 21 23 59 62 66 67 70 77 79 84 91 92 93 98
2948: 00 04 06 09 17 18 20 25 34 36 37 43 51 54 68 84 85 88 97 98
2947: 01 08 11 18 24 26 27 29 30 39 42 53 55 58 59 60 72 87 91 95
2946: 01 03 15 17 20 22 30 31 35 40 45 51 53 59 64 65 72 82 86 89
2945: 00 04 05 07 10 14 18 22 24 40 46 47 57 59 64 74 76 81 84 97
2944: 12 20 24 29 35 37 38 46 53 60 63 75 79 80 82 86 90 91 96 98
2943: 03 09 10 11 13 14 18 23 29 32 51 64 65 70 78 84 85 87 95 96
2942: 02 15 18 20 27 29 35 43 48 51 63 69 74 76 78 81 84 96 98 99
2941: 00 01 02 05 11 13 22 25 26 29 40 45 46 47 61 65 71 77 85 88
2940: 00 12 15 21 24 26 29 32 35 36 40 42 48 54 55 57 68 69 72 77
2939: 09 11 14 17 19 20 28 30 45 49 54 64 65 67 70 76 81 89 95 96
2938: 00 13 14 17 18 21 23 30 32 39 53 64 67 68 70 71 85 89 95 99
2937: 02 05 09 14 26 35 42 52 54 55 63 67 68 71 78 80 88 89 93 95
2936: 00 17 24 26 27 30 32 34 35 47 52 54 57 64 66 76 78 84 85 99
2935: 06 09 15 18 29 36 40 51 54 60 73 75 76 77 79 88 89 90 97 99
2934: 11 12 19 23 27 30 31 41 45 52 54 55 72 83 84 87 89 94 96 99
2933: 00 04 09 10 12 19 23 25 27 33 36 37 41 49 61 65 76 81 88 96
2932: 00 01 05 12 14 21 27 33 47 55 63 66 67 68 69 70 73 77 82 91
2931: 01 16 30 32 45 49 52 56 60 62 64 71 73 75 78 82 84 86 93 96
2930: 03 06 10 12 14 15 17 21 22 27 37 39 40 41 43 47 48 50 64 73
2929: 14 15 16 19 27 43 50 51 54 57 60 68 71 72 83 85 87 89 90 93
2928: 07 12 18 22 24 35 37 42 58 59 61 63 71 74 75 77 79 91 98 99
2927: 03 04 06 11 29 31 44 45 46 51 53 57 60 67 68 69 76 78 84 91
2926: 01 02 09 11 19 27 35 43 50 61 64 65 69 72 74 75 82 89 91 93
2925: 00 11 12 14 24 31 33 41 45 62 63 68 69 71 72 75 77 89 92 98
2924: 00 04 05 12 13 22 25 26 31 48 53 55 67 69 78 82 84 85 88 99
2923: 02 05 06 10 11 14 18 31 33 47 48 61 63 68 77 79 82 88 93 95
2922: 02 04 10 18 28 32 34 36 46 47 61 65 66 69 76 86 88 91 93 99
2921: 01 06 18 26 33 41 47 49 55 61 64 69 71 72 74 75 78 91 92 93
2920: 01 09 14 43 44 49 51 54 55 57 79 82 87 90 91 92 93 97 98 99
2919: 06 07 26 27 32 40 41 45 49 59 60 61 67 76 80 84 87 88 92 97
2918: 07 08 09 10 14 20 26 29 38 42 47 56 68 72 84 85 86 87 91 99
2917: 03 04 05 07 09 17 20 23 27 31 42 44 47 51 65 85 90 95 98 99
2916: 03 04 05 06 08 15 17 22 23 24 29 37 40 43 50 62 64 82 87 88
2915: 00 01 05 10 18 20 21 33 41 45 48 61 64 66 72 74 75 78 87 95
2914: 03 09 12 29 38 39 43 48 49 60 63 68 74 78 79 83 85 89 94 98
2913: 03 04 09 14 17 19 23 25 28 30 48 49 53 54 63 68 74 76 89 96
2912: 02 04 05 22 35 41 47 53 56 60 63 68 69 81 83 84 88 91 93 95
2911: 01 08 10 13 17 20 27 29 31 33 36 39 42 47 49 55 61 68 79 98
2910: 00 05 06 07 10 14 16 23 28 51 53 54 55 60 67 75 80 83 86 96
2909: 06 10 12 14 15 18 21 23 31 40 45 47 55 69 70 73 77 87 91 93
2908: 00 05 11 14 15 20 22 26 32 38 43 46 53 58 72 77 93 94 96 97
2907: 00 01 04 05 09 25 27 28 34 36 53 58 67 69 72 80 82 93 94 96
2906: 00 02 04 06 10 11 12 19 26 31 37 43 45 54 73 74 76 79 91 97
2905: 06 07 09 14 17 22 29 32 36 40 52 54 55 67 69 73 74 78 91 98
2904: 09 22 41 43 44 45 52 55 57 62 69 72 75 77 79 87 91 93 96 99
2903: 10 12 18 24 37 43 45 49 50 53 54 61 70 72 75 82 89 93 95 98
2902: 05 12 21 25 29 31 33 36 46 47 50 54 58 60 61 66 68 72 78 83
2901: 05 06 09 12 13 16 25 35 37 38 44 45 54 61 62 69 73 79 95 99
2900: 04 11 14 26 27 29 30 35 40 41 43 58 62 64 83 90 92 95 96 98
2899: 23 26 27 29 31 37 49 52 55 58 61 71 74 79 82 88 89 95 96 97
2898: 00 02 04 06 11 15 20 28 37 39 45 51 52 53 59 62 73 75 79 97
2897: 09 11 19 24 25 31 38 43 46 47 48 66 69 70 73 83 84 88 90 94
2896: 09 11 12 13 24 25 26 28 31 34 36 39 42 43 53 75 76 78 83 87
2895: 01 16 22 23 27 29 30 32 42 44 45 55 58 66 79 88 89 90 91 97
2894: 04 06 12 15 17 19 24 27 32 38 40 47 52 63 71 74 75 78 80 84
2893: 00 02 05 06 16 23 29 32 39 43 44 51 53 61 67 68 89 93 98 99
2892: 09 13 28 32 40 42 45 48 57 59 61 64 66 70 75 76 77 78 80 92
2891: 02 10 11 22 26 29 30 32 36 44 46 48 53 55 57 61 72 86 96 97
2890: 01 13 20 23 26 28 30 48 55 56 67 69 73 82 87 88 89 90 95 96
2889: 00 02 09 13 15 16 24 33 38 39 43 57 60 65 67 69 77 85 88 92
2888: 04 10 18 21 24 36 40 43 44 51 59 65 67 76 80 82 83 87 93 97
2887: 00 02 04 05 13 14 20 30 36 49 69 76 77 78 81 85 88 90 96 97
2886: 01 03 05 12 13 28 35 48 49 50 72 74 75 76 77 80 81 82 90 92
2885: 00 10 13 14 18 27 32 42 43 44 49 52 55 60 61 69 73 76 81 82
2884: 00 03 08 14 23 30 32 37 38 41 45 55 58 60 71 74 77 78 80 91
2883: 03 05 13 16 21 28 33 35 40 43 47 53 61 63 71 73 76 77 81 89
2882: 01 03 06 09 14 15 16 19 23 31 32 41 44 63 64 66 71 77 91 97
2881: 05 07 10 16 24 25 27 33 47 48 50 60 64 74 79 83 84 85 88 99
2880: 10 23 24 26 27 38 39 40 42 46 47 51 58 59 67 69 87 89 94 96
2879: 05 11 14 15 19 21 28 32 53 57 58 61 64 68 78 79 84 86 92 98
2878: 01 05 14 17 30 33 41 42 49 52 55 65 68 77 79 81 84 90 93 95
2877: 02 04 05 09 17 18 21 24 36 42 43 52 60 62 69 72 85 86 91 99
2876: 02 22 29 30 36 37 41 48 51 55 67 68 69 75 82 85 89 90 91 95
2875: 09 11 12 24 27 32 34 44 51 53 54 55 67 69 71 75 80 81 88 97
2874: 01 04 11 15 18 32 36 37 43 44 45 46 48 50 66 76 78 80 81 86
2873: 02 03 05 10 11 19 23 24 38 39 49 50 57 60 62 74 75 80 86 92
2872: 01 10 12 14 16 18 21 27 47 53 57 58 61 69 70 76 80 81 89 90
2871: 01 05 09 10 12 14 20 22 28 30 31 51 55 67 74 80 86 87 93 97
2870: 04 06 12 13 25 28 29 38 40 43 44 48 53 60 65 67 68 72 84 92
2869: 01 11 18 22 27 32 36 37 44 45 47 53 66 70 77 84 86 92 93 95
2868: 03 18 19 24 25 26 28 31 41 48 62 63 68 73 81 85 88 92 94 96
2867: 04 05 11 22 27 28 34 36 38 44 47 48 51 62 65 66 72 87 89 93
2866: 07 16 17 18 23 24 38 41 44 45 50 52 56 58 66 75 76 80 90 94
2865: 02 17 25 34 40 41 46 49 52 55 57 63 71 75 76 80 84 88 97 99
2864: 01 04 15 17 18 22 23 32 37 40 42 71 73 77 79 81 84 96 98 99
2863: 18 28 29 30 32 37 47 60 61 71 72 78 81 82 85 87 88 89 93 96
2862: 01 03 04 06 16 18 25 27 28 35 42 54 59 63 74 76 80 88 93 97
2861: 04 13 17 22 29 32 36 46 50 57 66 71 75 77 81 86 89 90 95 99
2860: 00 01 05 06 09 12 14 22 25 29 31 34 39 47 66 67 72 79 80 98
2859: 02 11 12 14 17 19 20 28 31 32 41 51 55 68 73 75 77 90 98 99
2858: 01 03 06 08 09 20 24 25 43 44 52 58 61 66 67 77 88 89 90 93
2857: 04 12 13 20 22 26 30 34 36 52 69 74 77 80 82 87 92 95 96 99
2856: 00 02 04 08 09 10 12 14 15 42 43 53 67 69 72 79 85 93 98 99
2855: 03 08 12 15 20 29 42 43 45 47 50 53 62 67 73 75 81 86 87 96
2854: 02 04 05 07 18 25 26 28 37 38 40 42 50 54 57 68 73 76 88 89
2853: 11 27 37 41 43 52 53 57 60 62 66 68 71 73 77 79 82 87 90 95
2852: 01 02 04 06 17 20 21 25 33 37 38 43 53 55 67 75 83 90 94 99
2851: 02 08 15 20 24 25 30 34 37 40 43 51 60 62 67 77 81 85 87 94
2850: 01 15 18 28 31 32 34 41 52 58 61 62 64 68 71 72 75 83 85 91
2849: 11 16 18 23 25 34 35 39 42 53 54 58 60 66 67 71 74 88 90 91
2848: 01 02 07 08 19 21 25 27 37 38 47 49 52 59 64 66 74 85 88 92
2847: 00 05 07 13 20 23 25 26 27 43 44 48 51 55 70 71 72 73 82 97
2846: 12 13 14 16 25 28 33 39 41 42 53 60 67 68 73 74 76 92 93 97
2845: 16 21 30 31 37 39 44 53 54 58 68 69 73 75 81 83 85 86 90 96
2844: 01 02 05 14 16 26 31 32 34 49 51 54 61 66 70 77 91 95 96 97
2843: 01 05 19 24 27 30 38 43 47 52 54 57 61 62 73 74 85 92 94 96
2842: 05 06 10 11 12 21 25 27 35 44 48 54 63 64 67 75 76 83 84 86
2841: 00 07 08 10 13 16 24 26 31 37 39 41 42 43 52 57 70 73 75 82
2840: 03 04 07 19 22 24 30 32 38 39 42 43 46 47 50 51 62 68 72 95
2839: 02 09 13 23 26 38 45 48 51 56 61 69 73 76 77 83 87 93 95 98
2838: 05 06 12 16 23 24 31 34 35 36 43 53 58 63 82 85 86 87 97 99
2837: 01 06 08 10 11 15 19 22 38 43 50 61 62 65 69 74 77 84 85 99
2836: 15 20 24 26 27 46 47 50 51 54 55 56 58 59 66 82 85 88 90 99
2835: 07 08 24 27 29 33 40 46 49 50 66 68 75 81 82 86 88 92 98 99
2834: 09 13 27 40 41 42 43 47 53 61 62 65 66 67 72 77 88 92 93 94
2833: 15 19 22 30 33 40 44 46 49 54 57 61 66 70 71 75 81 82 97 99
2832: 03 14 18 20 22 23 25 30 40 47 49 53 63 66 82 87 90 92 93 98
2831: 04 05 07 15 16 24 25 28 38 41 43 47 61 64 69 70 77 81 85 87
2830: 00 12 14 18 22 23 25 29 30 33 34 49 55 67 71 80 83 84 92 93
2829: 02 07 09 16 22 24 27 40 45 57 62 64 65 72 75 86 90 94 96 98
2828: 03 05 10 17 22 23 29 39 48 56 57 63 67 71 74 82 84 87 94 99
2827: 10 11 17 18 19 24 27 31 37 42 43 57 58 64 66 71 85 93 94 95
2826: 09 10 15 16 17 24 25 26 31 32 41 42 45 48 71 72 79 84 87 95
2825: 03 28 29 30 38 45 50 53 54 57 59 60 61 62 80 83 84 89 91 95
2824: 02 04 08 13 14 23 24 32 42 43 44 48 49 64 67 68 80 85 87 93
2823: 02 08 09 12 13 17 18 26 41 44 61 67 76 77 79 80 82 84 87 90
2822: 12 13 18 20 29 34 37 38 41 50 52 58 60 70 72 74 76 89 90 99
2821: 08 16 17 19 23 25 30 36 40 44 48 51 64 66 77 83 88 94 95 98
2820: 00 01 02 16 18 22 29 30 35 37 41 47 50 65 67 70 75 86 93 97
2819: 00 13 16 19 24 28 35 38 44 46 52 53 62 69 71 75 77 79 86 89
2818: 03 04 08 15 30 31 32 34 52 53 55 57 58 62 71 72 79 86 89 93
2817: 00 01 04 09 16 20 26 35 49 54 65 72 73 84 85 87 93 94 97 98
2816: 08 13 14 21 26 28 31 34 43 44 50 52 54 64 73 74 78 84 90 91
2815: 01 04 05 08 09 32 38 43 52 53 58 62 63 64 68 78 79 86 88 89
2814: 02 05 18 19 22 25 26 28 31 35 40 43 65 71 72 73 79 81 93 96
2813: 07 09 16 20 36 40 47 50 54 58 66 74 76 77 80 84 86 89 90 99
2812: 02 06 07 17 20 22 25 32 37 43 49 55 58 71 74 79 81 83 87 95
2811: 05 22 28 33 37 44 46 47 48 54 55 57 68 70 77 79 81 87 92 96
2810: 03 04 06 08 20 22 28 33 37 44 53 54 55 58 61 63 73 77 82 95
2809: 08 17 19 23 25 30 41 48 50 53 65 71 72 75 81 84 88 95 96 99
2808: 03 11 12 15 25 26 27 31 32 39 52 57 58 65 72 74 80 83 84 97
2807: 13 22 25 28 35 37 42 44 48 50 51 58 69 70 78 80 94 95 97 99
2806: 06 12 18 20 24 26 36 38 44 46 61 62 71 81 85 90 92 94 95 96
2805: 01 03 04 12 13 14 15 27 33 40 43 47 52 58 60 68 77 81 91 94
2804: 04 11 13 15 31 32 33 36 40 44 49 52 67 69 77 87 88 91 96 98
2803: 00 03 12 13 15 16 26 28 30 41 50 55 56 60 66 68 69 71 82 91
2802: 10 13 14 22 27 39 49 60 65 74 75 77 79 80 83 87 92 95 98 99
2801: 03 04 05 08 13 25 39 49 55 58 61 68 74 80 81 86 89 95 98 99
2800: 02 03 07 16 23 26 30 34 37 43 44 46 48 50 60 71 75 76 88 94
2799: 01 04 07 11 16 24 25 28 37 40 53 57 59 63 65 69 71 76 84 95
2798: 01 05 12 13 14 24 29 30 35 36 38 41 55 60 75 78 82 85 90 98
2797: 04 07 12 15 19 22 33 34 36 43 44 50 59 67 70 81 84 87 90 96
2796: 04 20 21 22 23 28 29 32 34 38 43 47 49 63 67 69 73 77 83 94
2795: 00 02 06 14 16 26 27 29 31 32 40 42 45 60 64 70 73 78 88 97
2794: 02 04 10 15 16 19 25 39 43 47 56 57 66 69 78 85 88 89 91 94
2793: 08 13 14 24 26 29 33 35 37 40 48 52 67 69 71 73 88 89 94 99
2792: 01 04 06 12 19 22 29 30 36 43 48 54 55 57 62 68 70 95 97 99
2791: 05 08 09 21 30 35 44 46 48 51 55 59 66 76 79 88 90 97 98 99
2790: 00 06 08 11 21 25 26 32 45 47 56 64 69 71 74 84 85 89 92 94
2789: 05 20 22 25 31 35 39 50 51 55 57 65 66 68 71 72 75 82 91 98
2788: 05 14 17 21 41 42 49 53 57 64 66 68 76 79 80 84 86 91 93 97
2787: 01 03 06 08 11 16 20 24 28 30 32 34 35 36 55 56 58 71 90 96
2786: 00 05 11 19 28 31 32 41 44 45 47 51 54 56 59 72 77 82 84 91
2785: 05 15 16 17 18 20 22 30 37 42 46 51 52 55 61 71 74 78 94 98
2784: 09 18 28 31 33 34 35 37 44 45 48 52 63 67 78 82 84 93 96 99
2783: 05 07 17 20 21 25 26 29 31 34 37 39 50 56 62 63 72 87 93 98
2782: 02 04 10 16 23 24 42 49 62 63 74 79 83 84 88 90 92 94 95 99
2781: 02 10 11 13 16 26 28 32 35 36 37 43 45 53 54 60 77 78 79 89
2780: 07 13 14 21 22 30 32 35 36 39 52 55 58 61 63 70 71 83 88 93
2779: 03 04 05 06 16 23 25 31 38 41 44 45 49 57 61 67 71 93 94 96
2778: 05 10 15 18 21 22 23 27 29 45 55 58 65 82 86 88 90 92 93 94
2777: 02 07 32 36 45 46 49 50 52 54 57 70 71 72 74 83 85 88 89 99
2776: 01 03 07 16 17 22 27 32 44 47 52 54 58 63 67 68 72 81 86 97
2775: 06 09 14 15 25 26 34 40 41 53 54 60 66 75 76 80 82 88 89 97
2774: 00 06 11 14 15 16 20 24 26 28 38 42 49 53 59 63 77 86 94 97
2773: 06 20 22 24 30 35 36 40 43 45 46 60 64 66 70 73 75 81 82 90
2772: 10 11 17 26 28 30 33 44 50 51 59 61 69 70 73 77 82 85 88 97
2771: 02 26 29 31 34 36 37 40 48 49 51 58 63 70 71 72 73 80 89 92
2770: 00 02 03 24 28 30 37 41 48 49 52 61 72 78 83 87 88 89 90 92
2769: 08 10 15 24 29 31 34 40 41 48 51 58 67 69 73 74 81 87 92 96
2768: 04 18 23 26 27 28 36 37 38 43 46 50 53 64 67 69 75 78 87 96
2767: 04 06 25 35 37 39 42 47 58 60 67 77 79 87 88 90 92 96 97 98
2766: 00 01 06 18 26 32 35 40 42 46 47 49 60 66 74 75 76 77 85 89
2765: 22 25 28 33 47 49 65 67 73 75 76 77 81 82 83 84 87 90 94 98
2764: 02 04 05 09 10 13 15 23 28 30 36 46 61 64 66 67 72 80 83 96
2763: 06 12 14 24 31 42 45 52 57 59 60 61 62 63 67 81 83 85 91 97
2762: 02 05 09 13 26 30 34 36 38 40 48 51 53 56 62 67 68 69 82 99
2761: 06 07 08 14 17 18 24 27 28 31 42 48 49 63 74 76 77 79 90 97
2760: 03 21 27 41 47 53 54 59 61 64 68 73 75 76 77 82 86 94 97 99
2759: 02 05 19 27 29 35 44 60 64 65 68 75 80 87 91 93 94 95 98 99
2758: 06 10 12 13 14 19 30 38 39 43 50 58 62 63 64 72 73 86 87 94
2757: 02 03 06 14 15 18 20 23 26 28 37 39 46 59 61 65 68 75 79 98
2756: 01 04 11 16 20 23 28 36 39 40 44 46 54 55 59 68 75 83 90 92
2755: 05 07 11 13 15 24 25 28 33 48 51 52 73 80 82 83 90 92 95 99
2754: 08 09 26 34 35 37 43 44 51 54 65 68 72 75 77 86 87 91 96 99
2753: 05 06 14 22 26 32 34 39 41 48 54 59 65 77 78 79 81 83 90 96
2752: 09 14 23 25 27 30 31 32 44 48 53 54 66 71 76 83 84 93 95 99
2751: 00 01 37 39 41 43 50 53 61 64 67 68 73 74 77 80 91 93 96 97
2750: 06 14 22 25 26 27 36 37 42 52 54 61 67 69 72 85 88 94 95 99
2749: 00 04 11 14 15 18 19 27 28 33 37 38 41 53 63 72 76 81 82 91
2748: 01 05 08 09 11 33 35 36 39 41 43 51 55 63 74 80 81 92 97 99
2747: 02 11 12 13 16 18 26 35 37 41 44 47 67 77 82 84 85 93 97 98
2746: 00 05 11 18 30 39 40 46 47 49 50 55 58 60 68 69 81 84 85 86
2745: 05 08 22 25 26 33 34 40 48 53 54 63 69 72 81 84 85 86 89 98
2744: 03 05 07 10 21 24 26 35 38 43 49 67 75 76 77 81 85 91 93 96
2743: 14 23 27 28 29 30 32 38 39 40 41 44 45 70 71 79 86 88 93 97
2742: 00 03 27 30 32 33 37 46 47 48 71 72 73 74 79 80 90 92 93 94
2741: 14 17 18 20 25 34 37 39 40 43 50 51 62 69 74 79 80 92 95 99
2740: 07 09 24 26 29 33 34 41 45 48 58 59 60 68 73 83 87 90 95 97
2739: 05 06 16 21 33 39 42 47 49 51 53 56 60 62 64 71 72 75 91 93
2738: 01 02 07 09 12 16 20 29 41 44 48 50 51 60 64 70 81 84 95 99
2737: 00 18 29 30 32 34 37 38 41 53 55 60 64 66 67 84 86 89 90 95
2736: 00 03 07 13 29 35 37 39 41 52 55 59 60 61 64 76 83 86 88 99
2735: 01 04 11 16 22 27 29 39 40 43 46 49 50 61 69 73 78 84 90 94
2734: 02 03 04 10 11 12 37 40 42 44 45 48 49 67 69 72 77 78 88 97
2733: 05 21 23 25 27 30 35 42 51 60 62 65 71 72 76 80 83 84 93 97
2732: 18 24 25 30 33 36 45 50 51 58 66 70 72 74 75 79 82 90 91 92
2731: 01 06 10 11 15 24 26 30 31 36 37 41 45 50 53 58 72 88 93 95
2730: 01 20 29 35 44 50 54 59 69 71 73 77 80 81 82 83 90 92 94 96
2729: 00 03 11 18 19 24 29 32 41 47 55 64 66 68 82 87 89 93 94 96
2728: 06 08 11 17 18 24 26 34 35 36 41 49 52 64 66 74 76 82 86 92
2727: 07 09 17 18 20 28 34 41 45 47 49 55 64 70 76 83 85 86 88 92
2726: 03 07 09 13 15 18 19 34 46 54 56 67 69 77 83 88 91 92 95 97
2725: 12 14 17 19 28 34 40 46 49 55 67 72 77 78 81 89 92 93 94 96
2724: 05 07 15 29 30 32 33 38 42 54 64 68 77 81 83 84 89 93 94 99
2723: 12 20 28 34 35 45 46 52 53 58 62 64 68 75 81 85 86 96 98 99
2722: 03 04 05 09 11 20 29 30 33 39 52 57 58 73 75 82 83 86 88 97
2721: 13 20 21 22 31 46 49 51 58 62 68 69 70 73 82 83 85 94 96 98
2720: 08 15 19 20 27 38 46 48 51 52 56 60 68 69 78 82 84 86 91 99
2719: 01 03 07 09 17 23 27 28 34 37 41 45 55 56 59 64 65 67 81 90
2718: 03 04 09 13 17 29 40 46 47 49 55 61 62 64 72 74 81 86 97 98
2717: 00 04 07 14 17 39 40 44 49 51 55 60 62 79 80 83 84 88 89 97
2716: 03 05 06 10 17 19 21 36 42 45 49 50 52 67 69 78 79 86 87 94
2715: 04 07 19 21 31 32 34 37 40 52 53 58 62 70 78 80 86 88 89 97
2714: 03 04 07 19 21 25 27 31 33 36 50 54 59 61 69 78 79 81 94 99
2713: 05 09 15 18 19 24 26 28 29 32 33 38 44 53 71 83 84 87 98 99
2712: 10 17 26 31 32 33 34 40 43 50 67 70 74 77 81 83 90 92 95 97
2711: 02 07 10 17 18 20 33 39 45 46 49 64 65 72 73 74 80 87 89 90
2710: 00 11 13 14 23 25 26 30 41 42 44 45 51 55 56 58 71 78 83 89
2709: 00 06 12 13 15 16 31 35 39 40 44 56 69 72 78 79 80 84 86 94
2708: 04 05 09 13 14 30 42 43 49 53 59 60 66 70 76 86 91 92 95 97
2707: 11 13 15 18 21 22 29 30 34 39 40 47 54 55 56 68 69 74 95 96
2706: 04 10 13 15 17 20 22 26 32 44 45 58 70 73 76 82 84 85 95 98
2705: 03 15 16 26 28 36 38 39 45 48 51 60 63 69 70 77 81 84 98 99
2704: 00 06 07 13 14 16 21 26 38 42 43 48 51 52 57 79 83 93 94 98
2703: 00 02 05 22 24 34 49 51 54 63 64 68 71 78 79 80 82 88 90 98
2702: 02 06 09 14 16 18 32 56 58 59 61 63 74 77 78 82 83 84 93 97
2701: 01 05 07 09 11 13 19 25 27 29 39 46 54 55 56 58 63 66 68 89
2700: 06 15 19 21 26 28 29 33 35 38 40 46 61 77 80 87 93 94 98 99
2699: 01 16 20 25 29 34 35 36 51 56 59 60 62 63 66 72 85 86 87 90
2698: 00 02 07 15 19 24 28 32 34 37 50 51 55 59 69 73 74 87 89 94
2697: 06 10 15 22 24 29 30 36 42 45 46 51 54 55 59 62 63 72 79 92
2696: 08 17 31 38 39 43 44 47 49 51 59 61 62 63 66 81 82 93 97 98
2695: 06 19 26 30 32 37 41 52 53 57 60 63 65 75 81 83 85 90 92 94
2694: 02 11 15 21 22 26 28 29 30 33 35 44 49 53 61 67 79 81 87 91
2693: 01 09 10 11 19 24 28 36 39 40 42 53 54 61 75 78 85 92 93 98
2692: 11 12 18 19 21 29 32 38 49 52 56 58 61 62 65 66 67 79 84 86
2691: 05 06 19 24 31 32 34 35 36 39 49 53 62 66 70 72 78 80 91 99
2690: 09 12 16 17 31 34 38 39 51 53 56 65 71 79 80 84 90 95 96 98
2689: 10 13 14 15 16 21 25 27 33 34 45 51 54 65 67 74 82 86 92 97
2688: 04 11 22 24 33 34 37 39 44 50 56 57 62 66 72 79 80 82 84 97
2687: 01 11 12 16 20 25 47 52 54 56 58 59 61 64 79 81 82 83 92 96
2686: 03 07 09 15 18 23 24 38 50 53 56 60 62 64 65 66 69 77 89 95
2685: 01 12 13 17 18 21 22 24 26 38 47 50 52 56 59 62 71 84 87 88
2684: 10 11 12 13 19 21 22 23 33 36 40 41 44 52 54 68 73 81 83 95
2683: 02 04 19 25 26 33 34 39 42 45 48 60 62 64 71 81 85 88 92 95
2682: 01 06 10 17 19 23 25 29 32 35 36 42 44 63 69 71 76 85 90 95
2681: 12 16 18 25 31 35 37 38 56 58 62 67 69 71 72 88 95 96 98 99
2680: 00 06 15 22 29 30 33 36 37 42 60 69 73 76 78 82 89 91 95 98
2679: 02 05 07 24 29 38 42 49 52 59 63 65 67 72 73 79 80 85 90 98
2678: 02 05 11 15 17 18 23 24 33 36 40 42 46 48 54 61 72 74 88 96
2677: 01 07 22 25 26 32 38 39 41 43 44 45 52 54 56 68 79 87 92 96
2676: 06 11 25 31 34 35 39 43 48 52 53 57 60 64 67 76 80 83 93 96
2675: 01 10 12 16 17 18 27 32 44 51 54 60 63 67 69 76 82 86 91 94
2674: 03 08 09 10 14 18 19 27 29 31 44 54 64 69 75 79 87 88 93 95
2673: 00 02 07 11 15 20 24 39 47 49 51 59 66 68 73 76 79 85 87 88
2672: 00 02 10 22 24 32 40 43 48 63 67 71 75 78 79 80 84 88 89 95
2671: 02 05 06 07 19 21 29 34 39 44 46 56 59 60 61 68 71 80 82 84
2670: 05 08 12 13 16 32 33 34 40 46 51 54 58 62 64 69 74 88 90 95
2669: 00 02 10 12 18 32 36 45 47 51 54 68 77 79 86 93 96 97 98 99
2668: 03 10 27 29 31 32 36 38 40 42 44 55 63 75 80 83 85 88 93 95
2667: 00 01 16 18 19 21 23 29 32 60 63 66 70 73 81 85 86 91 96 97
2666: 00 02 11 13 29 33 41 52 53 57 61 62 63 75 79 83 84 87 94 96
2665: 10 13 28 43 46 47 49 53 58 61 69 71 74 76 78 80 83 90 96 98
2664: 03 09 12 17 19 22 23 25 35 36 50 51 53 57 67 69 72 78 89 94
2663: 00 05 07 08 17 24 26 29 30 32 35 39 40 43 45 57 65 68 83 92
2662: 02 05 09 15 21 28 31 38 46 52 58 60 63 65 73 74 82 89 91 97
2661: 10 11 14 22 27 28 32 33 38 42 44 46 50 51 56 58 79 80 91 97
2660: 00 01 04 05 12 14 19 25 28 37 42 56 57 61 65 70 74 75 76 86
2659: 06 13 34 37 38 49 51 52 55 60 62 66 67 68 79 81 84 85 97 99
2658: 05 12 13 14 15 18 19 20 27 33 34 42 45 56 64 65 74 87 91 98
2657: 04 06 09 18 26 29 30 34 38 46 47 56 62 63 64 65 66 73 83 85
2656: 01 04 11 14 15 18 22 26 31 46 47 48 50 53 58 73 76 85 90 97
2655: 04 05 08 10 24 35 46 54 59 60 61 65 70 71 74 78 85 87 90 93
2654: 03 07 08 15 16 17 20 22 30 48 49 53 62 63 67 72 75 77 79 91
2653: 03 06 14 15 18 25 40 53 62 65 68 69 72 73 75 78 82 95 96 97
2652: 01 09 15 22 24 32 34 39 41 42 47 53 62 69 75 82 88 89 91 92
2651: 03 04 20 32 37 42 43 49 53 57 68 69 76 78 80 85 86 90 95 99
2650: 05 06 12 13 18 38 41 44 47 51 55 61 76 80 82 83 85 90 94 95
2649: 07 09 12 27 31 36 43 45 51 53 58 64 68 73 75 82 85 87 92 95
2648: 07 10 12 13 25 31 38 51 54 58 63 69 72 78 84 86 87 90 93 96
2647: 02 08 09 24 33 44 48 50 53 54 56 68 80 81 87 89 91 92 97 98
2646: 04 05 11 12 14 20 25 40 41 52 54 59 60 62 77 79 80 87 89 96
2645: 00 06 17 19 21 37 46 53 54 60 61 66 72 74 75 77 80 82 84 95
2644: 06 07 09 11 16 19 23 37 41 44 45 49 54 58 63 65 67 74 85 91
2643: 05 07 13 15 16 17 20 28 29 30 31 40 44 54 56 65 67 78 86 96
2642: 05 06 13 17 19 20 21 30 33 43 48 49 56 60 62 82 89 92 95 99
2641: 03 04 09 12 18 21 22 26 28 29 32 48 64 69 72 75 85 87 90 97
2640: 01 03 08 10 16 20 22 23 35 36 50 55 61 66 67 74 75 80 82 87
2639: 02 08 11 14 23 29 36 37 38 44 53 55 60 66 77 82 85 90 95 99
2638: 04 14 18 19 21 25 28 41 48 49 59 63 65 67 73 75 77 82 84 90
2637: 07 09 10 12 15 17 20 27 28 30 31 41 44 57 60 71 75 79 92 98
2636: 13 18 19 22 32 40 44 45 49 51 53 57 60 66 74 78 86 89 91 92
2635: 01 05 10 12 13 16 25 26 29 30 35 37 43 56 60 67 75 79 93 97
2634: 06 08 09 10 13 29 31 35 36 44 49 63 69 70 77 81 90 91 94 98
2633: 03 05 09 13 14 16 18 21 28 34 40 46 51 52 60 80 81 90 94 99
2632: 07 10 13 14 21 23 30 32 42 46 48 52 53 62 70 81 82 83 86 97
2631: 02 03 06 13 22 23 30 42 43 45 55 57 59 77 78 79 90 91 93 98
2630: 04 06 14 15 17 28 31 43 47 53 61 64 67 68 69 73 80 88 92 95
2629: 04 08 10 12 15 24 30 31 37 38 42 54 57 60 62 79 86 89 92 95
2628: 01 08 09 10 12 13 24 42 43 60 63 67 71 74 75 83 84 93 95 98
2627: 00 02 03 08 15 24 31 32 37 47 49 58 62 64 74 81 83 94 95 99
2626: 04 08 13 16 17 21 34 35 36 37 38 42 46 47 51 63 71 84 89 94
2625: 01 07 11 19 22 26 34 36 38 40 41 50 54 58 67 74 75 81 85 93
2624: 06 07 09 12 14 21 25 26 32 43 44 47 53 55 78 80 82 84 86 92
2623: 03 14 15 20 25 26 46 49 58 62 65 68 75 76 79 84 85 89 96 98
2622: 01 07 10 12 13 14 21 23 34 38 43 46 55 56 67 68 75 83 88 94
2621: 02 06 09 15 26 29 33 41 59 60 74 76 77 78 79 87 88 94 97 98
2620: 02 05 12 13 16 27 32 34 40 43 44 50 52 53 59 60 70 84 87 94
2619: 01 03 06 11 14 19 31 33 38 44 57 64 71 73 75 77 81 82 86 89
2618: 02 05 06 11 13 29 34 41 44 45 48 51 52 61 66 74 76 80 83 96
2617: 01 12 19 20 23 25 29 40 54 55 58 61 69 71 81 86 90 91 93 98
2616: 05 12 20 29 33 35 36 37 40 44 54 59 60 62 70 79 81 82 83 97
2615: 11 13 15 18 20 22 29 32 50 53 61 67 72 76 79 82 84 88 90 93
2614: 00 03 08 10 14 15 18 19 34 40 50 56 76 81 83 84 86 89 92 97
2613: 03 12 21 25 33 40 43 45 47 53 61 63 71 72 74 78 79 80 94 99
2612: 04 07 09 13 16 17 26 30 36 40 47 49 51 52 71 76 79 83 84 93
2611: 10 13 28 29 37 43 48 53 56 59 74 76 77 79 80 83 86 87 91 92
2610: 04 16 17 18 38 39 41 56 59 62 64 68 70 73 83 85 86 95 98 99
2609: 00 03 19 25 26 28 31 38 39 42 44 49 55 69 75 76 80 86 92 98
2608: 00 02 10 13 15 17 21 27 38 42 43 45 49 51 73 74 78 81 84 92
2607: 01 06 10 11 20 22 23 27 33 34 38 39 43 49 58 59 62 70 89 91
2606: 00 01 13 29 30 37 39 43 48 52 61 64 72 73 74 76 87 97 98 99
2605: 00 13 16 18 19 22 24 33 34 38 48 64 69 73 76 77 78 83 91 99
2604: 07 08 10 12 19 21 25 27 37 43 45 48 69 75 80 82 84 88 92 93
2603: 06 08 20 25 27 28 42 43 46 50 51 62 73 78 82 84 85 95 96 97
2602: 07 09 15 16 20 27 31 38 43 44 50 63 70 73 77 80 82 90 95 99
2601: 09 14 15 16 17 24 26 40 41 44 49 50 52 54 59 66 68 83 92 98
2600: 00 02 05 09 11 19 33 37 41 43 47 50 53 54 64 71 76 87 93 94
2599: 10 14 16 18 19 21 22 25 38 39 46 56 57 64 71 77 90 93 98 99
2598: 09 14 17 21 22 24 31 34 38 41 44 45 60 63 66 68 70 77 82 92
2597: 10 24 25 28 33 37 38 42 50 54 59 62 74 77 78 85 86 91 95 96
2596: 12 22 23 24 26 33 45 47 49 53 55 65 66 69 78 79 81 82 87 89
2595: 04 14 22 23 28 45 55 61 63 64 70 73 74 75 77 79 81 92 93 94
2594: 01 02 08 10 15 39 44 48 53 54 55 69 72 74 83 86 91 93 96 98
2593: 08 09 11 17 18 21 22 24 27 40 43 51 56 59 64 68 72 83 85 88
2592: 04 05 06 09 13 15 28 32 39 41 49 57 64 65 67 69 79 88 91 94
2591: 03 14 16 31 35 37 38 51 58 61 67 68 69 72 74 86 88 94 95 99
2590: 02 12 17 20 21 24 28 30 41 42 62 67 69 70 82 83 84 86 92 96
2589: 01 04 08 10 13 20 27 33 35 39 42 48 53 63 74 79 84 85 90 92
2588: 02 11 14 21 23 26 32 33 35 45 47 53 56 58 69 77 78 82 84 85
2587: 00 04 10 12 16 23 28 34 41 44 54 56 64 72 76 79 85 90 98 99
2586: 00 01 03 04 07 10 15 33 35 38 41 42 43 48 56 72 74 81 87 99
2585: 00 17 22 30 40 41 46 49 51 63 70 71 77 80 87 88 89 92 93 94
2584: 00 02 25 29 36 40 50 61 63 64 65 66 73 74 76 77 80 81 82 85
2583: 12 21 24 28 33 39 58 59 60 64 65 68 69 76 78 79 82 89 97 98
2582: 00 01 02 08 09 13 24 31 41 50 53 58 65 68 71 78 92 93 94 97
2581: 01 16 20 21 26 33 35 37 40 53 56 57 66 74 75 76 79 84 92 95
2580: 00 01 02 03 05 19 43 46 47 54 59 61 70 78 83 85 87 88 90 94
2579: 05 11 13 39 41 45 46 49 52 54 60 61 67 70 79 85 87 89 90 94
2578: 07 08 10 13 14 21 34 41 45 55 56 59 62 66 73 78 79 88 90 98
2577: 00 01 02 05 14 19 22 24 32 35 38 41 46 50 54 60 77 79 90 97
2576: 04 07 10 28 31 32 34 46 48 49 52 60 68 69 72 78 88 91 95 98
2575: 04 13 23 30 34 50 52 54 56 58 67 68 69 73 74 80 87 91 96 99
2574: 06 08 11 16 25 30 35 37 40 44 57 58 71 73 74 77 80 85 89 95
2573: 10 17 18 20 22 46 48 49 57 61 62 66 77 79 81 84 95 96 97 98
2572: 01 03 04 13 14 20 23 25 34 48 61 66 69 74 80 85 86 91 92 94
2571: 07 09 12 15 26 29 34 38 44 51 57 66 67 69 70 72 74 76 85 93
2570: 06 09 19 21 23 32 34 36 45 49 62 65 66 67 86 88 89 91 92 95
2569: 04 10 13 15 20 23 28 30 45 46 47 56 61 66 72 77 82 89 93 98
2568: 00 01 09 13 24 33 45 47 54 61 67 78 79 81 85 88 89 90 93 98
2567: 00 05 10 12 19 27 31 32 34 38 39 42 45 48 62 64 65 66 96 97
2566: 01 04 10 20 21 24 42 43 51 55 71 72 77 78 79 86 87 90 94 95
2565: 00 01 04 16 21 24 25 28 31 32 41 46 63 64 65 67 68 72 86 98
2564: 01 03 06 07 12 15 41 43 49 59 63 73 78 79 82 90 91 93 94 97
2563: 00 02 24 26 34 53 55 56 57 58 59 64 70 73 74 85 93 94 96 99
2562: 05 06 10 15 24 25 35 43 44 50 51 53 56 69 70 73 77 80 85 86
2561: 01 02 11 13 24 25 26 30 32 33 42 44 46 48 52 55 68 74 79 82
2560: 08 15 16 20 22 32 36 39 43 52 56 64 65 70 77 79 81 87 88 91
2559: 16 23 31 36 37 41 46 49 53 56 59 67 71 72 79 82 92 94 97 98
2558: 04 10 11 14 15 19 21 23 33 36 38 43 44 47 58 69 70 76 77 92
2557: 00 02 04 08 22 26 40 48 52 55 61 68 70 73 80 81 82 85 90 98
2556: 05 08 10 13 14 23 24 27 28 30 34 36 48 49 50 69 73 77 86 99
2555: 02 05 17 20 22 23 28 29 30 33 50 51 56 59 60 64 65 90 96 99
2554: 03 06 07 16 19 24 25 27 29 30 34 36 50 51 54 76 82 87 93 98
2553: 07 17 25 29 30 35 40 41 43 46 54 56 66 71 78 85 87 89 93 94
2552: 09 11 12 19 29 36 40 51 55 62 63 66 70 76 78 82 92 93 94 97
2551: 03 05 08 12 23 33 36 39 42 43 47 57 58 61 66 67 71 72 85 98
2550: 05 11 15 19 21 24 33 38 40 42 49 56 66 69 78 80 81 83 95 97
2549: 00 01 05 13 15 23 26 28 34 57 58 59 68 69 76 79 82 84 91 96
2548: 06 07 13 15 17 22 24 30 33 41 50 51 62 63 67 69 84 86 88 94
2547: 10 12 17 26 30 33 37 61 62 64 66 67 72 75 78 79 83 88 94 99
2546: 09 12 17 23 27 35 41 43 51 69 72 73 78 83 85 88 90 93 94 96
2545: 01 06 15 19 22 25 28 31 37 41 42 50 52 62 63 69 84 87 90 93
2544: 00 14 15 21 24 32 36 38 41 48 50 54 66 68 79 82 84 87 94 96
2543: 02 03 09 11 14 23 29 35 39 41 46 56 62 69 74 79 88 92 94 95
2542: 04 07 10 13 20 22 25 27 29 33 38 44 50 62 63 71 73 75 85 91
2541: 09 13 14 17 19 23 25 27 36 42 46 49 59 65 70 75 82 85 87 90
2540: 01 13 19 20 22 24 28 34 36 37 51 53 67 68 69 80 81 85 89 90
2539: 02 04 21 22 27 29 33 36 38 39 44 48 51 54 56 58 61 76 88 97
2538: 00 11 13 16 22 25 28 29 38 40 45 52 56 64 69 79 86 94 95 96
2537: 03 05 09 10 34 39 42 45 46 49 51 64 65 66 69 73 80 81 89 99
2536: 01 05 20 24 26 28 32 46 48 53 58 66 68 70 71 74 81 85 89 96
2535: 04 08 11 13 15 18 24 29 30 32 47 61 66 76 79 80 82 93 94 98
2534: 07 08 09 27 30 33 36 52 55 56 62 63 69 71 77 83 87 95 96 99
2533: 03 07 12 17 19 23 28 33 34 39 42 44 47 51 53 54 60 67 71 96
2532: 00 03 06 11 13 19 20 25 31 34 38 39 47 51 52 66 75 77 78 93
2531: 03 06 13 21 27 40 48 49 51 54 55 56 59 67 74 80 81 87 92 94
2530: 00 03 14 37 38 39 41 46 47 51 56 60 62 67 69 72 82 85 88 96
2529: 00 03 05 11 12 21 22 35 39 40 46 53 54 59 63 67 77 86 97 99
2528: 05 06 08 11 14 19 23 24 36 41 54 55 63 66 67 75 83 84 96 97
2527: 17 25 36 37 43 47 49 52 57 60 61 63 65 66 68 73 81 83 87 94
2526: 02 16 17 21 27 37 41 42 47 53 63 65 66 69 80 81 84 86 87 98
2525: 00 02 04 05 06 12 29 31 38 39 43 54 60 62 67 79 83 86 87 99
2524: 04 07 16 22 24 33 34 36 42 43 44 47 50 58 74 81 82 88 94 95
2523: 06 11 21 23 27 39 41 45 59 67 69 74 76 77 78 83 85 89 91 92
2522: 05 07 13 15 16 19 21 22 25 33 37 43 65 70 73 78 93 95 96 98
2521: 06 08 14 18 19 34 46 48 49 51 53 60 64 67 70 72 90 94 96 99
2520: 05 09 15 16 19 33 42 44 46 49 51 55 56 60 63 67 69 82 85 91
2519: 01 02 06 10 18 21 22 25 35 41 47 57 59 60 68 70 79 82 85 93
2518: 01 08 12 19 33 34 42 45 50 51 53 60 73 74 77 91 92 95 96 98
2517: 13 26 34 35 37 38 44 46 53 54 55 58 63 73 74 81 89 90 91 97
2516: 15 16 18 28 29 30 34 42 43 46 53 60 63 77 79 81 85 89 90 94
2515: 04 07 13 15 16 18 19 27 28 35 46 61 73 74 75 78 83 84 87 94
2514: 05 07 12 20 23 28 31 40 47 56 58 68 69 76 80 81 83 92 93 96
2513: 05 06 19 24 25 28 36 38 40 48 50 56 59 64 68 69 79 87 98 99
2512: 00 04 10 11 27 29 33 45 49 50 58 67 74 81 83 84 85 89 91 92
2511: 00 04 16 19 24 30 35 41 46 55 62 63 72 74 83 84 85 94 95 99
2510: 00 11 18 20 25 30 32 39 45 55 67 71 73 79 80 88 91 93 95 97
2509: 00 05 06 15 16 23 27 34 37 52 55 59 60 62 63 67 71 76 89 92
2508: 00 02 09 10 11 20 22 40 44 46 51 58 60 71 73 77 80 87 92 99
2507: 05 10 11 18 19 22 25 26 29 35 37 50 53 57 62 75 84 87 89 98
2506: 05 14 16 19 29 30 33 43 49 50 52 53 54 57 61 77 83 86 93 98
2505: 01 03 10 11 14 16 18 24 25 29 34 41 44 50 52 58 70 71 73 96
2504: 00 11 22 25 33 34 39 40 47 50 57 59 60 61 63 67 68 80 87 94
2503: 02 04 07 13 14 18 23 24 26 28 37 39 45 53 54 76 79 87 94 99
2502: 01 03 11 21 25 28 44 45 48 53 61 73 77 78 79 89 90 91 93 99
2501: 02 13 19 21 28 29 40 45 50 58 62 67 71 75 79 81 83 86 90 95
2500: 24 27 31 34 35 41 46 48 51 55 56 57 67 73 74 75 76 90 91 93
2499: 00 02 05 06 21 28 33 34 37 44 53 61 65 68 78 80 86 89 90 92
2498: 04 05 06 08 13 27 32 35 39 44 61 62 63 68 75 85 89 90 92 94
2497: 02 03 07 10 12 16 17 23 24 25 32 33 34 45 47 49 74 76 82 83
2496: 00 07 20 30 34 35 38 43 51 52 54 57 58 61 69 74 82 83 88 97
2495: 05 19 23 36 42 48 49 63 66 68 69 78 79 84 85 88 91 95 97 98
2494: 07 24 36 38 39 47 50 53 56 57 58 64 65 71 74 77 80 81 86 89
2493: 12 15 24 25 26 28 46 49 54 63 69 74 75 78 82 84 88 89 92 99
2492: 01 02 10 12 15 17 26 27 28 30 37 48 54 55 71 77 78 83 86 97
2491: 00 01 11 14 15 20 26 32 40 49 50 57 61 63 70 73 78 82 85 99
2490: 00 02 10 13 23 28 31 35 37 40 42 45 52 64 77 79 81 88 90 92
2489: 04 07 14 21 22 37 38 41 45 46 53 66 76 77 78 81 85 87 93 94
2488: 01 02 09 19 20 25 27 51 54 56 59 61 62 63 67 73 81 90 95 99
2487: 00 02 03 08 14 18 23 25 27 31 48 62 65 76 83 84 88 90 91 95
2486: 06 13 16 17 28 33 40 45 46 48 52 67 72 73 79 85 93 94 97 98
2485: 02 05 06 07 11 12 23 42 43 44 66 74 76 79 82 84 85 86 89 92
2484: 02 06 09 13 18 19 21 24 40 41 51 52 53 54 56 65 79 82 86 95
2483: 02 14 19 27 38 41 55 59 60 67 68 69 70 74 76 78 81 90 98 99
2482: 00 11 13 17 25 28 31 32 33 34 39 41 42 63 64 78 81 83 87 90
2481: 05 08 18 21 28 31 32 37 40 44 47 52 55 56 60 62 75 78 89 92
2480: 00 01 14 17 18 19 35 37 52 56 59 67 69 71 74 87 91 93 96 99
2479: 13 18 26 31 44 45 57 58 59 60 61 62 64 65 73 76 82 88 89 90
2478: 00 05 07 11 22 35 37 50 58 66 67 74 80 83 86 87 88 90 92 94
2477: 02 06 12 22 31 34 58 63 64 67 70 72 75 76 80 83 89 92 96 98
2476: 10 12 15 16 17 26 44 46 47 53 56 62 64 72 75 78 85 92 94 95
2475: 05 06 10 15 16 18 21 27 29 33 34 41 42 47 50 56 63 71 83 99
2474: 07 11 12 14 19 22 26 28 31 32 36 43 46 48 50 51 64 69 75 94
2473: 02 05 13 18 19 26 30 33 41 43 45 59 63 64 67 68 72 79 90 95
2472: 03 04 16 20 28 43 47 49 51 54 58 61 62 63 71 82 84 86 91 95
2471: 00 03 05 14 25 26 35 37 38 39 51 65 69 73 75 77 79 84 90 98
2470: 00 04 06 14 23 25 33 37 42 49 53 56 60 61 62 69 84 91 96 97
2469: 07 10 11 15 23 29 31 35 36 47 60 61 65 68 70 86 92 93 97 99
2468: 01 04 06 14 15 20 32 40 43 45 54 57 67 74 75 81 92 93 94 99
2467: 06 07 09 10 13 14 18 20 22 23 25 32 34 41 44 50 56 65 71 84
2466: 03 05 13 21 24 28 30 32 35 36 42 55 61 62 70 73 83 86 91 94
2465: 07 13 28 29 30 34 35 40 43 59 63 64 75 76 80 81 85 87 93 99
2464: 08 10 11 16 17 18 24 26 29 41 45 51 54 59 70 80 87 94 96 97
2463: 01 03 04 05 08 09 18 19 24 30 31 58 60 67 70 75 77 79 86 90
2462: 00 21 22 27 28 29 33 36 40 43 48 50 52 56 61 63 73 92 95 97
2461: 18 19 20 21 22 26 27 30 33 34 50 51 55 61 63 69 82 88 89 90
2460: 01 08 24 27 34 37 48 50 55 56 58 61 63 65 67 73 79 83 92 94
2459: 07 31 34 36 37 38 44 46 47 51 54 58 59 66 71 84 87 90 92 95
2458: 03 05 06 07 09 11 16 20 22 24 35 36 49 57 58 67 69 80 83 88
2457: 04 05 06 07 11 18 22 24 27 33 36 41 61 67 68 83 87 88 96 98
2456: 01 04 11 12 18 23 28 35 40 42 46 48 53 55 58 63 80 83 88 97
2455: 00 01 07 12 14 22 27 30 40 42 46 60 61 65 85 86 87 92 95 97
2454: 05 11 16 21 28 44 47 54 55 60 62 66 73 76 78 80 88 95 96 97
2453: 02 03 06 12 18 19 20 23 25 50 51 53 58 65 76 81 85 89 94 95
2452: 06 07 17 19 20 26 27 30 31 35 52 63 66 68 72 77 81 84 86 98
2451: 15 17 19 20 22 24 25 26 38 46 50 53 56 57 62 66 78 82 90 94
2450: 05 09 19 21 22 28 45 53 65 67 71 75 81 83 85 86 92 94 95 98
2449: 00 03 14 15 17 18 32 34 37 46 52 54 59 60 62 73 85 87 91 94
2448: 07 09 18 20 21 28 29 35 38 39 42 61 64 70 73 76 78 87 89 90
2447: 04 05 07 15 39 40 44 51 55 60 62 68 74 75 76 77 80 88 95 97
2446: 01 11 23 25 34 39 44 47 56 65 67 72 74 78 80 89 91 92 98 99
2445: 04 18 19 23 24 30 33 42 43 46 52 53 55 63 65 71 80 82 89 93
2444: 00 06 13 29 31 33 42 48 51 52 58 63 64 82 84 87 88 90 94 98
2443: 00 07 08 15 30 33 51 57 60 68 69 74 75 76 78 84 85 89 92 93
2442: 03 04 06 08 14 15 19 23 31 34 48 49 52 60 77 82 85 89 91 93
2441: 00 01 03 04 09 11 13 24 25 36 39 49 64 65 67 75 82 88 96 97
2440: 04 05 06 08 19 24 27 33 40 42 43 50 52 56 69 83 88 89 90 95
2439: 04 13 18 35 37 39 41 47 48 53 57 64 65 67 73 80 81 82 86 87
2438: 01 04 12 13 22 28 31 32 41 44 53 55 64 73 88 89 92 93 95 99
2437: 06 11 14 15 23 25 27 28 33 38 41 42 45 49 50 51 52 63 69 96
2436: 00 03 34 35 36 42 45 56 62 63 66 72 73 75 83 87 89 92 93 95
2435: 08 09 25 27 29 31 35 40 44 46 47 64 71 72 75 78 79 88 94 98
2434: 02 04 05 10 12 18 26 29 31 35 59 63 64 68 73 76 77 81 84 98
2433: 12 25 26 29 34 38 42 47 50 56 65 66 72 74 80 85 87 90 93 99
2432: 02 05 11 12 15 20 23 35 36 44 45 53 57 64 68 71 75 78 82 99
2431: 05 06 11 12 13 14 16 20 34 46 52 61 62 66 80 82 83 89 91 98
2430: 02 03 04 05 12 18 30 33 35 39 42 50 53 55 73 78 84 87 95 97
2429: 02 11 14 17 24 32 34 45 54 59 60 63 67 68 71 77 79 83 86 93
2428: 01 03 16 22 26 31 37 48 54 55 56 61 62 64 73 78 82 92 96 99
2427: 01 16 17 22 24 29 34 39 42 48 50 51 64 69 73 75 77 81 89 96
2426: 00 16 17 18 19 26 28 35 39 40 43 58 67 69 75 77 78 85 90 95
2425: 13 14 19 23 34 35 36 42 43 49 58 63 67 68 77 82 92 95 97 98
2424: 02 03 10 13 26 33 39 48 50 51 56 57 60 67 74 78 80 84 90 94
2423: 02 06 07 11 12 15 20 21 24 29 32 34 35 39 54 59 60 78 84 88
2422: 06 07 17 26 30 31 33 36 42 44 48 51 53 56 58 61 73 81 86 95
2421: 04 11 22 24 27 32 34 37 49 57 64 69 70 71 76 77 86 93 95 97
2420: 01 04 05 08 09 22 25 26 51 64 66 68 70 72 74 78 79 91 94 95
2419: 06 16 29 35 41 44 46 52 57 62 63 79 84 85 87 88 91 93 94 96
2418: 04 18 21 31 32 34 35 36 40 42 45 48 50 59 68 75 82 87 93 97
2417: 02 10 14 15 21 31 39 46 51 52 55 60 61 64 65 80 81 85 86 92
2416: 08 18 37 40 44 47 50 54 63 64 65 67 68 74 78 81 84 87 88 95
2415: 02 07 11 27 32 39 47 60 61 62 64 69 70 71 74 81 87 91 94 95
2414: 03 06 07 08 17 32 36 37 41 43 49 57 67 72 73 74 77 91 95 99
2413: 06 11 13 16 19 24 26 37 42 46 47 53 58 70 85 87 88 93 94 99
2412: 00 01 07 08 09 32 35 36 38 47 52 55 56 71 73 74 92 94 98 99
2411: 00 01 02 07 09 15 19 29 39 40 57 61 66 68 82 88 89 93 95 96
2410: 01 08 11 15 16 19 23 26 35 49 60 61 62 65 78 87 92 95 96 98
2409: 04 07 08 12 18 33 35 46 49 51 65 66 69 72 76 80 81 83 86 89
2408: 00 04 07 11 23 27 30 33 40 52 65 68 70 71 72 76 78 79 85 90
2407: 06 19 26 28 29 31 41 59 60 63 68 71 74 78 79 81 85 92 97 99
2406: 05 07 11 15 19 26 28 32 53 54 62 69 72 75 76 80 81 82 93 95
2405: 00 03 04 06 10 17 18 20 29 31 36 38 43 56 59 75 91 93 98 99
2404: 00 02 18 20 21 27 45 46 50 53 55 57 58 64 68 77 79 85 88 89
2403: 01 09 19 23 24 25 27 32 39 43 44 53 60 62 68 76 86 88 96 99
2402: 00 10 20 26 28 35 38 43 48 50 56 66 67 72 76 80 82 86 88 94
2401: 00 11 13 16 22 32 40 41 43 46 59 71 78 80 84 86 92 93 96 98
2400: 10 14 19 28 32 33 36 48 49 53 56 60 71 77 84 86 90 92 95 99
2399: 02 09 13 23 25 30 35 43 48 56 59 66 69 70 73 77 82 86 87 91
2398: 05 07 08 23 27 30 34 36 39 47 59 61 65 72 74 76 81 85 87 94
2397: 03 08 21 44 47 48 52 53 54 58 64 67 70 73 74 77 78 91 95 98
2396: 06 10 11 17 29 38 42 47 53 55 60 62 64 67 69 70 73 75 86 90
2395: 04 06 10 13 18 29 30 33 38 39 43 58 60 61 65 68 71 90 93 98
2394: 02 05 07 15 16 17 27 28 35 44 45 47 60 63 65 68 84 91 94 95
2393: 00 08 18 21 22 23 28 34 39 41 44 45 47 58 65 67 71 76 89 92
2392: 00 01 06 15 19 24 26 36 42 47 49 55 68 70 73 79 80 81 86 88
2391: 01 09 13 16 23 40 42 47 55 61 62 66 68 80 84 86 88 94 95 98
2390: 02 07 09 26 28 29 31 32 34 47 54 55 60 63 66 70 75 79 88 95
2389: 08 12 15 16 21 24 25 31 35 36 38 44 51 52 56 61 75 78 80 91
2388: 01 03 04 08 14 22 34 36 42 44 50 56 68 69 72 77 84 85 89 99
2387: 05 10 16 17 19 25 28 30 36 42 44 48 53 57 58 59 65 67 90 96
2386: 04 05 06 07 14 18 20 25 26 30 38 51 53 67 69 72 74 82 97 98
2385: 00 06 09 38 39 40 44 55 56 57 58 60 62 73 74 76 82 83 92 98
2384: 10 22 27 33 34 36 43 44 46 51 55 59 64 65 69 71 72 80 82 92
2383: 02 05 07 13 16 18 29 32 36 41 55 58 68 71 73 79 84 86 89 97
2382: 07 08 16 20 27 32 37 46 47 53 54 66 72 75 76 85 87 94 95 99
2381: 01 06 07 11 17 18 30 37 39 54 60 65 72 74 80 87 91 92 97 98
2380: 01 02 03 04 06 11 13 15 19 20 26 61 76 77 79 83 85 86 96 99
2379: 00 06 07 10 16 21 36 38 45 46 49 51 54 58 73 78 80 83 93 96
2378: 07 10 11 14 18 21 35 42 47 50 61 65 66 69 70 74 85 92 97 99
2377: 04 11 13 15 27 28 37 41 55 61 66 69 70 73 76 84 90 94 98 99
2376: 00 02 05 06 10 13 16 25 35 39 41 43 46 54 63 74 77 79 92 97
2375: 05 14 24 30 31 33 34 35 36 37 44 47 48 56 65 67 74 75 87 89
2374: 08 10 13 16 33 39 44 47 51 64 65 68 73 75 76 83 89 90 94 96
2373: 02 04 05 15 20 23 25 31 41 43 54 55 60 76 77 78 80 82 84 87
2372: 05 09 10 14 15 25 29 30 34 39 48 56 59 63 65 68 73 76 93 96
2371: 05 13 16 20 23 25 27 44 45 52 55 62 63 67 68 86 87 89 91 97
2370: 07 08 14 26 38 39 40 41 45 48 50 53 55 59 60 61 67 80 87 89
2369: 05 20 21 23 29 33 36 40 49 50 52 57 70 71 75 76 84 85 90 99
2368: 03 05 07 08 09 13 14 16 20 32 36 38 40 57 69 75 79 88 91 92
2367: 14 20 24 29 33 37 40 46 47 57 63 65 71 72 75 89 90 91 94 98
2366: 02 10 13 21 26 30 31 37 51 58 59 72 74 75 78 81 82 83 87 88
2365: 08 09 12 13 30 41 47 53 54 58 62 66 70 74 78 83 84 85 95 98
2364: 01 04 09 12 18 23 27 31 32 35 43 48 50 53 57 62 66 70 86 99
2363: 15 20 28 37 44 47 51 55 58 63 70 71 72 73 78 79 80 83 92 94
2362: 02 08 12 17 26 27 28 39 44 45 46 48 49 57 66 72 77 85 87 88
2361: 02 03 11 24 29 31 32 33 34 41 46 60 70 71 86 87 88 94 95 97
2360: 05 09 12 17 24 30 31 38 42 48 52 53 76 77 78 80 81 88 89 95
2359: 05 09 11 14 16 21 34 47 53 61 64 68 69 75 76 86 95 96 98 99
2358: 01 11 12 14 15 38 45 56 59 60 61 66 71 74 75 76 80 81 82 89
2357: 00 07 11 13 20 25 28 37 40 46 48 50 55 57 58 64 75 83 90 91
2356: 00 09 13 14 20 22 23 31 33 34 36 39 48 51 63 64 66 67 81 82
2355: 01 05 11 16 19 35 38 41 43 46 47 54 63 65 67 72 75 89 93 94
2354: 09 13 21 28 29 34 40 41 43 50 59 67 70 74 82 85 88 90 95 98
2353: 00 08 09 11 16 18 20 26 34 35 43 47 53 61 66 71 75 80 97 98
2352: 00 08 09 18 24 30 31 41 43 44 48 55 72 73 83 84 88 89 95 97
2351: 04 15 21 27 28 29 32 37 62 63 64 74 80 81 87 89 93 97 98 99
2350: 03 07 23 30 33 41 42 45 46 47 56 68 70 73 82 83 89 93 94 97
2349: 04 07 09 10 18 20 29 37 41 49 51 53 54 59 64 65 79 95 96 99
2348: 01 06 07 09 17 18 20 30 42 47 48 51 52 62 72 77 78 84 88 90
2347: 03 07 09 18 19 20 22 24 25 29 34 35 47 53 66 72 75 85 92 99
2346: 09 13 22 23 24 32 36 41 51 52 54 59 67 79 81 82 83 84 89 97
2345: 01 02 07 12 13 18 22 25 39 44 57 62 69 73 74 80 91 93 95 97
2344: 17 21 30 38 40 44 48 51 61 66 71 74 79 81 86 88 90 91 98 99
2343: 05 07 14 18 21 26 28 35 36 42 44 55 57 61 63 69 76 80 81 85
2342: 03 06 12 16 21 23 24 26 28 33 43 60 67 69 72 77 79 91 92 97
2341: 07 10 15 21 24 29 41 45 47 48 50 64 65 74 84 87 91 92 94 98
2340: 03 14 15 21 28 30 32 48 49 51 54 58 63 74 77 83 86 89 93 94
2339: 10 13 17 25 27 29 31 33 38 41 42 45 54 65 67 76 82 94 95 96
2338: 04 08 11 22 33 36 39 43 45 46 50 52 60 61 69 72 78 83 95 99
2337: 01 04 06 15 17 20 23 28 30 37 59 70 72 82 83 84 85 88 90 93
2336: 02 04 13 16 22 31 33 37 38 42 47 61 62 63 70 72 81 86 94 95
2335: 02 03 07 24 28 30 40 47 52 55 57 59 60 64 67 70 76 78 79 92
2334: 00 03 09 18 20 36 39 42 44 51 66 68 70 73 81 85 89 91 92 93
2333: 01 07 08 09 14 16 18 22 25 27 31 47 51 54 59 70 72 76 86 96
2332: 05 06 15 20 29 31 38 47 49 58 61 65 66 69 71 80 82 94 95 97
2331: 01 10 21 24 29 32 40 41 46 48 51 54 68 69 81 87 90 91 93 99
2330: 02 07 10 15 19 20 23 28 32 33 42 50 51 52 55 60 77 84 88 92
2329: 00 05 14 16 18 21 24 29 31 35 37 45 46 53 64 70 85 87 88 99
2328: 04 19 20 21 24 28 30 38 43 48 50 51 57 61 63 75 78 87 90 91
2327: 06 09 13 21 24 26 27 43 48 53 55 67 73 75 80 83 85 88 93 98
2326: 08 09 10 13 15 25 29 35 51 56 59 68 69 74 80 87 89 91 96 98
2325: 08 09 12 22 30 34 39 41 45 50 54 61 65 69 74 76 83 88 90 92
2324: 05 06 09 12 15 18 22 23 27 39 50 57 59 61 67 73 76 79 87 98
2323: 02 12 14 18 19 24 27 41 48 52 56 61 66 70 73 81 83 84 86 94
2322: 00 07 11 15 22 29 31 36 55 59 62 63 68 69 77 80 84 89 91 92
2321: 03 09 18 19 29 36 39 50 60 62 68 71 75 76 78 81 87 88 89 91
2320: 02 04 09 11 13 26 35 36 38 39 47 49 56 64 71 75 76 80 85 89
2319: 01 07 19 23 26 28 31 33 35 43 53 65 67 71 75 77 80 84 94 97
2318: 00 07 11 16 17 22 23 31 49 57 59 60 66 71 76 79 81 84 94 96
2317: 02 06 07 12 24 31 32 34 37 43 44 45 50 54 57 74 78 79 87 96
2316: 03 10 13 17 21 22 35 38 39 45 52 55 59 65 71 75 76 84 90 95
2315: 00 03 12 16 18 22 24 43 52 53 57 65 66 73 75 79 85 90 93 97
2314: 02 03 14 19 28 34 42 44 45 47 48 56 60 63 64 75 81 82 95 98
2313: 02 13 28 38 39 40 43 45 46 51 61 63 72 73 74 81 84 86 92 93
2312: 08 13 18 22 27 33 36 47 48 63 66 76 78 84 85 89 91 96 98 99
2311: 03 07 10 11 12 15 25 33 45 47 59 63 66 75 76 78 87 93 96 98
2310: 03 05 09 13 21 27 34 35 41 44 48 52 64 66 67 71 74 75 77 82
2309: 03 07 18 24 33 34 36 46 50 54 70 71 76 82 83 87 93 95 97 98
2308: 03 04 08 09 12 15 21 24 32 34 35 44 52 58 60 65 66 70 84 95
2307: 06 08 11 25 26 32 43 46 49 54 55 61 68 73 74 75 76 78 79 83
2306: 01 03 06 12 18 25 32 44 49 58 62 71 72 73 82 84 86 89 91 97
2305: 03 04 33 35 38 42 48 54 56 61 63 69 72 76 77 78 81 84 90 98
2304: 02 07 10 20 26 35 38 44 48 49 51 52 55 58 65 71 76 79 93 95
2303: 03 04 08 09 14 29 39 42 43 45 47 48 52 62 81 82 88 91 95 96
2302: 10 11 12 15 23 25 34 37 38 45 48 50 52 57 63 67 69 78 87 91
2301: 00 02 03 05 07 25 33 34 38 41 50 59 60 63 65 70 79 80 85 94
2300: 04 06 09 10 22 31 35 36 48 54 60 61 72 77 81 84 87 90 91 95
2299: 01 03 11 14 24 26 27 45 46 50 51 55 56 59 62 65 81 87 91 93
2298: 06 09 11 18 29 33 41 43 53 56 61 62 70 73 74 88 89 96 98 99
2297: 00 01 18 21 24 26 32 33 44 46 48 53 54 57 61 64 80 81 91 96
2296: 07 14 22 26 30 33 34 37 39 45 59 66 70 75 82 88 92 95 97 98
2295: 02 05 06 24 26 33 35 47 50 58 66 68 71 81 82 84 86 91 93 95
2294: 00 02 06 07 11 23 24 26 29 41 45 56 60 68 73 84 85 93 98 99
2293: 02 05 07 09 18 19 30 31 33 43 45 48 50 53 76 78 79 91 93 97
2292: 03 14 20 22 23 24 25 30 31 33 36 42 56 68 70 73 79 89 93 94
2291: 06 10 11 12 18 20 31 36 39 41 50 56 59 62 67 73 74 75 84 86
2290: 05 09 10 15 21 36 38 39 40 45 52 53 54 55 56 57 63 87 92 94
2289: 01 02 20 25 26 29 38 39 49 52 55 57 59 61 75 81 83 85 93 95
2288: 07 09 27 30 38 45 46 48 51 54 56 60 61 74 76 82 85 88 90 92
2287: 01 09 14 21 24 29 38 42 46 49 52 54 58 59 69 70 74 81 83 90
2286: 00 03 05 17 18 22 34 39 45 56 57 61 66 67 71 73 80 83 87 98
2285: 02 04 14 16 17 26 28 37 47 49 58 59 62 73 75 79 82 83 93 98
2284: 01 02 09 23 35 36 41 42 56 59 64 71 74 75 76 85 91 93 94 96
2283: 04 06 10 14 19 29 30 38 45 46 49 51 52 59 67 76 79 94 95 98
2282: 04 10 19 21 30 42 43 45 47 49 55 59 60 62 64 71 78 80 84 88
2281: 02 07 08 10 12 16 18 36 38 45 46 49 51 52 53 54 74 80 81 98
2280: 03 04 06 10 13 16 18 23 30 36 43 44 51 62 65 69 70 74 83 98
2279: 00 03 08 11 27 32 38 43 46 56 58 61 68 70 72 73 88 93 94 96
2278: 01 02 18 20 27 30 31 32 38 44 52 61 65 72 73 78 80 89 90 92
2277: 04 10 14 15 16 19 25 30 31 44 49 51 55 64 69 76 82 83 85 90
2276: 00 13 18 21 31 32 40 46 49 54 56 57 65 68 73 80 88 90 94 99
2275: 05 09 24 29 32 35 46 47 51 53 54 56 60 63 73 75 77 80 81 92
2274: 00 06 10 11 13 16 27 33 36 40 42 46 52 55 59 61 62 63 85 94
2273: 20 38 43 46 55 56 59 61 67 71 75 76 82 85 87 90 91 92 94 98
2272: 00 10 17 19 26 31 32 37 38 42 46 53 56 58 67 75 78 88 93 97
2271: 07 10 11 18 27 32 33 37 43 48 57 62 65 68 74 76 77 82 93 99
2270: 03 06 18 38 43 50 53 58 64 65 66 67 71 80 82 87 89 90 93 96
2269: 03 16 21 24 36 37 39 42 47 48 56 64 72 80 84 87 91 92 93 94
2268: 00 01 07 10 18 29 31 39 42 43 53 56 60 67 79 81 83 89 93 98
2267: 03 10 11 27 30 45 46 49 52 54 62 64 67 72 75 77 83 85 89 91
2266: 08 10 19 32 35 38 46 47 50 54 55 57 69 71 73 75 80 81 82 83
2265: 02 03 04 07 11 24 31 36 37 47 49 58 59 60 71 78 79 83 87 99
2264: 01 03 04 08 12 16 19 24 38 47 48 52 62 65 66 67 77 82 85 86
2263: 02 07 08 17 18 19 33 36 41 43 44 47 48 62 69 72 87 93 98 99
2262: 01 04 16 21 22 28 42 44 45 48 55 59 60 61 66 70 76 92 94 97
2261: 03 10 14 19 26 29 40 50 54 66 68 72 78 79 84 86 91 93 94 99
2260: 01 03 05 13 23 43 53 55 56 65 67 74 78 81 83 85 90 91 93 99
2259: 02 14 19 20 23 37 38 40 45 50 56 59 62 64 67 78 85 90 94 98
2258: 01 02 12 23 25 31 38 43 44 50 54 57 65 66 69 74 76 84 86 94
2257: 03 05 12 19 29 35 36 40 51 57 58 59 65 69 70 74 75 76 89 95
2256: 04 13 16 22 27 30 31 43 47 52 59 61 63 66 70 71 83 86 87 90
2255: 05 07 10 11 13 14 18 19 31 38 60 63 67 71 83 84 90 93 94 98
2254: 05 10 11 14 18 20 23 24 31 32 36 42 44 51 53 61 78 82 83 93
2253: 01 06 07 27 31 36 43 49 50 51 64 66 72 74 78 79 87 88 95 97
2252: 00 04 05 20 23 24 25 26 27 28 29 36 38 50 51 53 62 64 76 79
2251: 00 02 07 15 25 35 42 45 48 50 57 60 61 65 77 78 82 87 90 95
2250: 00 04 05 08 23 24 31 32 33 34 35 38 43 48 58 63 74 84 85 96
2249: 05 10 12 15 18 28 30 32 34 35 42 44 46 47 51 52 70 87 89 95
2248: 00 12 13 19 22 25 32 44 45 47 53 67 71 75 76 83 84 93 94 99
2247: 05 07 10 11 14 18 20 25 35 41 42 46 47 54 59 62 69 77 85 94
2246: 10 11 13 17 27 28 29 30 31 36 39 47 51 63 67 82 85 92 95 97
2245: 07 11 12 14 17 27 39 40 55 56 59 62 64 68 78 80 82 83 90 99
2244: 03 10 14 18 19 26 29 37 41 42 45 51 71 76 77 80 90 92 97 98
2243: 04 06 09 17 20 21 24 26 27 33 34 35 36 59 61 64 69 74 86 89
2242: 04 06 07 10 28 31 33 38 47 50 55 59 69 70 71 74 85 87 88 94
2241: 02 04 17 23 36 38 45 46 55 57 59 61 71 74 75 82 86 87 89 90
2240: 04 08 10 14 15 23 25 26 34 38 43 47 54 59 74 77 80 86 90 93
2239: 11 13 19 22 27 28 49 53 56 63 65 66 71 76 77 78 81 89 90 98
2238: 04 05 08 11 17 21 27 30 32 33 54 60 61 63 67 70 80 93 96 99
2237: 02 06 13 22 24 27 29 40 41 45 47 51 69 76 77 78 79 80 83 93
2236: 01 02 05 08 09 14 20 22 24 39 40 53 59 61 62 79 82 83 94 96
2235: 18 20 24 31 32 37 40 47 49 50 57 64 68 70 71 75 76 88 90 91
2234: 02 17 26 28 30 38 48 53 54 61 63 65 66 72 74 75 77 79 81 90
2233: 01 05 06 09 15 17 25 37 41 50 60 68 70 74 75 79 87 93 96 97
2232: 01 12 16 20 21 30 31 33 35 46 47 48 58 60 61 68 77 78 80 96
2231: 06 09 12 15 19 25 26 31 33 36 37 41 44 46 52 54 61 68 71 90
2230: 02 11 22 37 40 43 44 47 55 62 65 66 68 70 71 76 84 85 93 99
2229: 05 07 23 25 29 32 34 39 42 53 54 68 69 70 76 78 81 85 86 89
2228: 03 04 10 20 23 31 33 34 37 39 46 47 49 51 59 67 89 92 93 95
2227: 02 04 06 12 25 31 33 36 39 46 49 51 57 62 64 80 85 86 94 95
2226: 09 10 14 18 23 28 41 46 53 56 61 62 66 67 74 77 82 83 87 91
2225: 02 04 06 08 20 24 31 33 35 38 44 46 59 64 67 75 81 84 93 97
2224: 01 14 15 28 32 37 45 49 55 63 65 68 71 76 82 87 90 92 97 98
2223: 00 03 12 20 31 33 37 46 47 48 53 61 62 64 74 75 78 89 90 92
2222: 04 06 08 15 26 27 37 41 49 51 60 63 67 70 73 83 86 87 92 97
2221: 14 26 31 36 41 42 44 45 47 49 58 60 62 72 80 82 83 86 95 97
2220: 08 09 19 22 27 29 30 36 51 56 65 76 79 82 84 88 92 93 95 96
2219: 04 06 10 13 14 18 22 24 28 47 53 60 62 67 72 85 89 91 93 95
2218: 12 13 15 22 24 27 33 34 38 39 42 45 57 60 70 71 72 84 86 87
2217: 03 05 08 09 13 15 23 26 38 44 48 55 59 67 70 73 84 85 86 90
2216: 13 14 23 24 28 30 42 47 49 55 61 62 67 69 73 75 76 79 81 90
2215: 00 01 06 11 19 20 22 26 31 32 35 42 44 45 53 63 68 83 87 92
2214: 07 17 19 21 24 26 31 38 43 46 47 51 53 65 67 70 76 78 86 90
2213: 05 08 19 29 31 33 43 44 47 50 53 60 64 68 75 76 83 85 87 95
2212: 04 05 23 30 48 58 60 61 62 63 64 76 82 83 84 85 86 89 92 98
2211: 00 08 20 22 25 26 28 41 46 47 54 57 64 72 81 85 86 90 92 98
2210: 01 18 23 33 34 44 48 54 61 63 64 72 73 78 79 87 88 90 97 99
2209: 04 08 17 19 24 26 36 38 49 55 56 66 69 70 75 77 80 84 95 96
2208: 03 09 11 14 17 18 20 22 24 29 35 50 56 57 62 73 76 82 86 99
2207: 09 12 22 31 34 43 46 48 49 50 62 65 66 69 70 74 85 90 97 99
2206: 01 06 21 27 31 35 40 42 45 50 53 54 62 66 67 82 91 92 94 95
2205: 12 19 22 25 30 35 38 40 51 52 54 55 61 62 67 69 71 78 83 94
2204: 01 04 13 27 35 36 38 46 54 55 56 59 60 63 69 74 78 81 82 99
2203: 01 04 14 16 20 26 34 50 51 52 54 62 72 76 77 84 94 97 98 99
2202: 01 04 14 15 19 21 28 32 33 35 47 53 65 68 74 75 79 81 84 93
2201: 06 17 19 24 27 30 35 38 42 46 48 49 61 68 74 75 79 80 92 97
2200: 14 17 20 22 30 32 34 60 64 66 71 75 76 77 87 90 91 93 94 97
2199: 10 16 24 28 30 31 32 41 43 46 52 58 62 71 78 80 83 87 88 94
2198: 07 16 17 22 24 26 31 35 38 41 46 48 55 57 62 71 77 90 97 98
2197: 01 02 05 06 17 20 22 26 28 31 33 42 46 57 58 81 83 92 98 99
2196: 09 13 16 22 23 31 37 38 42 51 57 60 62 63 67 70 85 90 92 93
2195: 06 18 19 23 31 40 51 53 54 64 69 74 79 84 88 92 95 96 97 99
2194: 07 10 14 24 28 32 33 36 40 53 56 60 68 73 79 80 81 93 95 98
2193: 02 04 07 12 17 19 33 40 43 44 46 48 52 63 67 71 72 85 95 96
2192: 03 05 08 11 28 30 37 38 40 42 46 51 61 63 65 75 86 90 92 94
2191: 04 12 24 25 29 30 34 40 56 60 67 69 72 74 83 88 94 97 98 99
2190: 09 20 25 34 35 37 40 42 47 51 59 62 63 65 68 80 81 82 91 98
2189: 07 16 33 34 38 43 44 54 55 59 67 74 78 79 81 91 95 96 97 98
2188: 04 11 14 20 24 26 29 30 36 43 46 62 63 65 67 68 71 79 82 91
2187: 00 03 07 12 20 25 31 35 40 42 44 49 69 74 77 87 92 95 98 99
2186: 07 08 09 13 17 23 26 37 39 40 42 43 45 53 55 58 72 77 82 87
2185: 03 04 11 13 21 23 27 30 35 37 51 56 63 65 67 76 81 84 93 94
2184: 03 07 10 14 17 24 30 32 45 48 55 58 60 62 83 87 92 94 97 99
2183: 02 03 05 08 13 15 18 29 40 52 56 65 68 77 78 80 81 86 89 98
2182: 00 15 17 18 36 38 42 45 48 52 56 60 66 67 71 75 76 85 89 92
2181: 01 02 07 15 19 20 21 30 37 39 46 47 49 57 60 67 73 81 84 88
2180: 07 08 13 15 30 34 39 44 46 53 54 56 63 74 76 85 87 89 91 95
2179: 01 03 06 13 18 20 22 23 29 35 39 40 45 59 65 80 82 85 95 98
2178: 02 15 20 23 30 34 39 40 54 56 62 75 81 83 86 87 89 90 91 95
2177: 06 07 08 24 29 31 34 36 43 50 51 52 57 65 68 87 88 91 96 97
2176: 10 14 20 23 25 29 38 40 42 43 57 60 63 65 66 68 75 89 93 96
2175: 01 05 06 19 20 22 26 28 31 37 40 46 54 55 57 59 66 75 87 92
2174: 10 28 32 36 43 44 45 46 54 59 64 66 71 73 74 80 82 86 94 95
2173: 00 04 17 23 24 27 36 44 45 49 53 64 65 66 67 77 80 82 97 98
2172: 02 03 04 08 09 13 16 20 25 29 30 32 38 49 51 53 54 55 69 82
2171: 03 12 14 17 19 20 23 27 35 37 47 51 64 67 72 76 81 83 94 99
2170: 08 11 13 31 38 48 50 51 57 60 63 74 76 79 83 85 91 92 93 97
2169: 05 07 08 22 28 35 45 51 53 58 61 66 68 70 75 80 81 87 98 99
2168: 04 07 09 11 26 32 34 37 49 59 66 68 73 76 79 83 88 92 96 99
2167: 02 07 18 26 27 37 38 39 43 47 51 54 57 61 67 71 77 82 88 99
2166: 00 03 06 09 13 14 19 21 28 29 40 45 54 56 69 75 76 89 90 94
2165: 02 10 11 19 21 34 35 37 42 48 54 55 58 71 74 77 79 82 91 92
2164: 02 06 07 12 15 19 21 24 28 47 48 55 60 71 78 84 86 89 91 93
2163: 00 02 17 20 23 28 34 45 46 49 50 52 57 62 72 81 86 94 95 99
2162: 07 11 21 32 34 35 36 37 45 49 51 58 65 67 70 75 86 87 93 98
2161: 20 21 31 40 42 43 44 46 47 51 53 54 62 63 64 68 76 77 84 86
2160: 01 09 15 24 25 31 34 35 37 40 41 42 48 56 62 64 65 69 74 79
2159: 00 01 11 12 16 18 22 28 29 30 31 34 40 42 52 56 72 76 83 89
2158: 00 04 05 06 07 09 21 22 26 27 38 44 45 61 68 73 83 91 96 99
2157: 00 04 08 10 17 19 20 21 30 34 41 48 60 62 72 79 88 91 95 96
2156: 02 09 14 33 34 36 39 49 50 52 53 54 62 66 74 75 85 92 93 99
2155: 02 05 08 09 11 13 26 32 40 43 44 55 66 74 78 81 83 84 90 99
2154: 00 07 08 11 12 20 21 34 42 59 60 65 66 73 77 83 84 86 95 99
2153: 02 05 13 14 20 28 30 31 40 49 53 59 62 63 66 70 73 80 88 89
2152: 02 06 09 27 32 37 45 50 54 62 66 71 73 74 76 82 84 88 90 98
2151: 00 04 05 11 24 27 30 31 34 46 50 53 61 64 70 80 83 86 90 96
2150: 01 02 13 15 16 19 30 45 46 54 56 59 61 65 72 75 81 82 83 86
2149: 11 24 33 39 40 42 47 53 57 58 63 65 67 68 75 85 89 91 93 95
2148: 00 01 03 23 24 26 32 41 43 44 46 49 58 59 69 71 80 83 84 95
2147: 02 19 24 36 41 44 45 46 61 62 64 67 72 73 76 78 87 88 93 95
2146: 01 09 38 42 43 44 45 46 49 51 55 57 65 67 75 83 85 86 88 97
2145: 08 12 16 18 22 23 28 29 30 32 34 35 52 66 68 70 73 75 82 98
2144: 11 13 16 19 22 25 29 31 33 35 37 47 50 64 66 83 86 87 93 97
2143: 02 13 16 29 32 41 48 50 52 58 63 66 70 80 82 83 85 92 96 99
2142: 05 07 28 32 33 34 35 40 41 45 55 59 64 72 73 79 80 81 87 88
2141: 05 13 16 18 25 31 40 45 47 49 52 54 55 64 65 67 71 77 92 95
2140: 05 11 16 17 21 23 24 30 33 39 40 47 48 50 52 78 85 86 89 98
2139: 02 07 17 18 21 22 25 29 31 33 42 45 47 52 61 64 65 73 93 97
2138: 06 07 08 18 19 25 28 29 30 39 50 51 54 57 74 76 82 92 94 98
2137: 07 08 13 29 31 32 34 48 63 64 66 70 72 76 78 79 82 84 86 99
2136: 01 02 03 08 09 10 16 22 30 38 44 51 55 62 65 67 70 77 81 99
2135: 02 23 33 35 40 42 49 53 55 57 59 62 63 65 68 73 77 87 93 94
2134: 00 01 02 14 17 20 28 29 30 33 38 42 52 61 64 66 81 84 88 97
2133: 02 04 07 10 12 13 21 22 25 27 41 47 53 68 75 79 81 83 86 91
2132: 03 04 09 13 19 28 30 31 36 58 62 71 73 74 78 89 90 95 97 98
2131: 02 14 16 20 22 32 33 36 42 45 54 59 60 74 75 76 80 86 87 88
2130: 00 04 16 29 30 32 40 48 50 57 66 70 80 84 85 86 92 93 94 99
2129: 03 05 16 28 30 35 36 41 49 51 53 57 58 68 69 70 72 79 93 96
2128: 03 06 08 20 22 25 28 35 36 43 44 50 54 61 66 70 73 86 96 97
2127: 00 01 02 11 12 29 33 37 40 48 49 50 52 53 61 70 72 75 82 96
2126: 02 04 09 24 26 44 46 52 54 55 56 62 63 65 68 84 90 91 97 98
2125: 02 05 09 15 19 25 31 35 41 45 47 49 50 52 55 59 66 67 83 94
2124: 08 13 19 22 29 32 33 45 47 49 56 57 65 70 75 82 87 89 91 99
2123: 01 06 14 15 22 31 41 53 54 56 62 65 67 70 71 73 75 78 81 83
2122: 03 05 06 08 11 12 16 23 30 32 38 39 47 54 57 64 70 71 74 76
2121: 00 02 14 20 23 24 37 38 43 49 54 71 75 76 80 87 90 93 94 98
2120: 00 01 07 09 10 11 15 24 50 51 52 59 60 64 75 77 78 95 98 99
2119: 01 04 07 09 12 13 19 23 32 33 43 44 48 64 78 79 82 88 89 91
2118: 00 02 10 12 16 19 46 51 52 57 64 71 72 75 80 81 82 84 88 99
2117: 05 22 30 34 35 39 44 49 55 58 68 75 76 78 84 85 88 94 95 96
2116: 00 02 05 07 14 20 23 39 44 48 50 63 64 78 80 81 82 83 90 94
2115: 04 07 08 11 15 17 19 20 24 32 36 41 43 44 46 48 60 76 78 86
2114: 04 05 10 13 23 24 25 29 37 40 43 44 46 49 54 56 65 93 98 99
2113: 09 14 20 25 26 33 35 36 49 50 55 58 59 66 71 75 76 87 94 99
2112: 04 17 23 25 31 36 38 40 42 52 56 59 71 78 82 83 84 92 97 98
2111: 05 12 15 17 39 42 43 46 51 64 65 72 75 77 82 86 87 94 97 99
2110: 02 04 06 08 14 16 26 29 34 54 61 64 68 71 73 77 81 93 94 96
2109: 07 09 15 17 26 27 30 39 43 47 51 53 54 57 73 82 89 94 97 99
2108: 01 04 07 09 14 17 18 22 25 30 42 48 50 52 57 59 65 70 71 96
2107: 04 10 11 12 16 20 24 36 48 55 59 60 64 67 72 75 79 82 88 96
2106: 07 10 11 16 22 31 34 36 41 45 48 49 65 78 82 83 84 86 87 94
2105: 07 09 12 13 22 29 35 36 37 39 41 50 52 54 57 81 87 90 92 96
2104: 09 15 19 21 23 24 37 39 46 62 63 64 66 69 74 80 90 91 97 98
2103: 02 13 21 32 35 38 39 49 63 65 71 73 77 78 81 88 92 93 94 98
2102: 00 04 08 11 15 18 27 32 37 39 43 44 59 61 62 70 80 85 90 91
2101: 01 06 08 11 12 13 20 22 23 34 36 39 53 56 60 73 86 88 92 98
2100: 09 11 12 18 26 38 39 42 48 49 63 67 70 72 74 77 82 87 93 97
2099: 01 04 19 28 29 31 32 38 40 42 43 46 59 64 80 84 85 86 90 99
2098: 00 02 10 13 18 23 25 36 38 41 53 60 62 64 68 71 76 83 93 94
2097: 00 08 10 22 33 36 48 49 50 52 54 58 64 66 67 71 86 89 91 98
2096: 02 05 08 14 21 28 33 36 38 46 47 53 60 62 65 71 72 81 82 97
2095: 04 05 13 14 15 22 25 34 43 51 52 54 58 60 63 76 84 88 90 97
2094: 04 24 29 31 35 48 49 54 57 58 64 68 74 82 89 90 92 94 96 97
2093: 10 13 17 18 24 31 32 34 39 45 48 49 58 62 64 66 71 76 88 91
2092: 06 09 10 20 28 31 52 53 55 57 59 60 61 63 64 69 71 78 80 98
2091: 08 14 22 26 28 31 33 35 42 43 44 49 50 52 53 64 78 89 91 96
2090: 04 05 08 16 17 18 20 22 24 25 27 33 40 52 63 81 85 86 91 93
2089: 03 08 15 17 18 23 24 38 39 42 53 59 69 76 77 81 86 88 91 93
2088: 02 04 11 12 14 15 26 28 31 38 39 43 53 67 69 70 75 82 87 94
2087: 01 04 07 09 11 23 24 30 36 37 47 51 52 56 59 65 67 75 82 95
2086: 03 14 19 20 21 23 24 27 29 32 40 47 48 50 53 56 65 69 71 76
2085: 02 08 13 15 25 29 32 35 39 40 42 44 50 54 61 64 65 66 71 73
2084: 09 12 14 17 20 23 24 27 34 43 46 47 51 59 65 72 73 78 89 94
2083: 05 09 12 14 24 29 32 41 44 54 57 66 68 72 74 76 89 90 93 94
2082: 05 13 19 20 25 28 42 44 49 54 55 57 66 68 76 78 84 86 89 90
2081: 00 01 03 04 18 23 29 30 43 48 50 57 63 73 79 80 86 87 94 95
2080: 01 07 09 11 12 20 29 31 39 41 42 54 55 59 67 69 72 73 74 87
2079: 06 31 34 36 39 43 44 45 51 52 54 62 63 64 65 69 72 78 79 84
2078: 00 05 14 15 22 24 26 28 30 42 43 50 53 55 58 59 68 78 96 99
2077: 11 12 16 17 20 21 22 23 24 25 27 28 39 50 52 62 73 85 92 94
2076: 00 03 06 10 16 25 33 34 44 51 52 53 56 67 77 81 83 87 97 99
2075: 00 11 12 14 21 25 26 30 35 36 46 53 56 58 60 66 69 78 85 87
2074: 04 07 13 16 20 34 45 47 52 54 55 56 58 60 65 72 91 92 95 96
2073: 00 05 08 12 14 17 20 24 26 29 30 42 51 59 64 70 71 76 79 92
2072: 10 17 18 19 25 26 43 48 49 53 56 69 74 77 80 83 86 87 90 96
2071: 00 11 23 24 25 28 29 36 38 41 42 60 74 80 85 86 88 90 95 99
2070: 10 12 14 21 30 37 41 42 44 47 48 51 54 58 60 69 76 82 98 99
2069: 02 03 04 07 08 11 16 23 25 30 34 43 49 54 64 65 67 68 81 91
2068: 00 03 14 21 36 37 44 47 49 50 52 56 58 60 61 68 70 73 88 89
2067: 03 14 21 41 51 55 56 63 64 77 79 81 82 84 85 89 90 91 92 96
2066: 00 03 05 15 30 31 41 55 56 57 58 64 67 71 73 75 81 83 84 99
2065: 01 04 08 11 13 16 19 22 27 31 38 46 47 51 61 66 69 86 90 99
2064: 01 02 03 04 05 06 07 11 18 33 37 41 49 56 57 62 67 72 82 99
2063: 02 04 05 08 09 13 19 20 21 36 46 61 76 81 87 90 91 92 93 95
2062: 07 09 10 15 18 19 21 26 29 35 39 42 48 54 58 66 69 78 88 90
2061: 00 06 22 25 31 32 40 41 42 46 55 56 62 68 69 72 83 86 94 98
2060: 13 17 33 34 37 38 39 44 50 52 56 57 62 65 66 68 76 79 91 93
2059: 09 12 25 26 29 31 35 39 45 46 51 55 58 62 70 72 73 92 96 97
2058: 02 04 08 21 24 25 26 27 31 42 45 63 64 68 78 82 86 88 95 97
2057: 01 06 24 43 47 50 56 60 68 71 75 76 78 80 82 83 85 89 97 98
2056: 02 06 13 14 18 20 25 27 38 54 59 60 61 67 68 76 77 83 86 96
2055: 05 09 13 20 23 34 41 49 57 61 65 69 72 76 79 80 84 86 92 98
2054: 03 06 09 16 18 21 26 30 35 44 56 57 62 63 65 71 79 82 90 95
2053: 00 03 05 07 08 13 16 18 20 24 30 36 59 60 61 62 72 75 91 94
2052: 00 07 08 10 14 20 26 33 37 40 41 42 49 51 53 62 69 75 76 97
2051: 04 08 09 17 19 21 24 30 34 36 58 60 61 63 66 77 82 85 90 98
2050: 00 01 04 06 17 23 24 33 35 46 50 55 59 70 77 79 86 88 90 98
2049: 00 01 03 04 07 10 13 16 26 30 31 33 51 59 70 73 76 82 90 92
2048: 04 11 12 15 16 26 32 42 43 45 46 55 56 65 67 69 75 76 79 84
2047: 05 10 11 19 20 23 25 29 34 40 42 44 51 62 65 67 84 88 93 97
2046: 05 12 14 15 17 25 27 38 44 50 51 53 65 68 71 74 78 81 87 89
2045: 02 06 08 09 11 14 29 42 46 47 60 65 71 75 76 81 82 88 90 99
2044: 07 13 18 22 23 27 30 45 48 49 50 58 60 61 73 75 76 79 82 92
2043: 08 12 17 18 31 41 44 54 74 80 82 83 84 85 87 88 90 93 95 98
2042: 04 08 09 12 17 19 21 29 40 43 57 67 73 74 80 89 93 94 96 97
2041: 11 20 31 41 44 55 60 61 64 68 69 70 74 81 83 84 85 86 90 94
2040: 00 14 23 27 32 33 34 39 49 51 57 61 67 77 79 81 86 93 97 99
2039: 01 02 03 06 09 19 22 34 39 45 47 49 68 69 81 83 85 93 98 99
2038: 02 06 10 14 15 20 25 27 28 42 46 57 61 62 70 72 74 84 90 93
2037: 04 08 10 23 29 30 39 41 50 56 64 65 71 73 80 81 84 88 95 99
2036: 01 05 10 21 22 24 32 39 41 42 49 51 63 69 70 72 81 89 91 96
2035: 05 07 08 10 17 29 32 35 42 54 56 67 68 70 80 84 85 90 98 99
2034: 01 02 04 09 11 12 17 19 27 28 32 34 42 48 52 53 54 58 66 99
2033: 06 08 10 20 21 23 31 34 35 37 40 48 56 75 80 81 86 90 98 99
2032: 00 01 02 04 06 08 10 11 14 46 49 50 57 63 70 73 85 87 93 95
2031: 09 11 19 23 32 35 38 42 50 52 66 69 71 73 77 78 80 81 91 96
2030: 15 16 19 21 24 25 33 39 41 47 59 60 62 63 69 70 71 83 90 91
2029: 03 12 21 29 35 37 48 51 56 59 60 61 64 74 81 84 86 90 95 99
2028: 00 12 15 21 24 27 29 30 33 35 46 49 57 68 71 77 80 86 89 99
2027: 12 15 22 24 27 28 30 31 33 37 49 59 65 69 70 76 86 87 95 99
2026: 01 07 08 16 17 21 22 27 36 37 44 56 63 66 68 79 85 88 93 94
2025: 09 12 27 29 31 35 36 37 39 51 55 62 70 75 76 83 84 91 92 94
2024: 00 02 08 19 31 33 38 39 42 43 44 54 61 64 72 73 75 78 81 89
2023: 00 10 11 25 27 29 32 48 49 50 53 54 59 60 63 67 70 75 80 84
2022: 02 07 17 27 29 42 57 58 59 62 69 71 72 75 89 90 92 95 97 99
2021: 03 08 09 12 13 18 19 24 41 44 45 47 54 59 65 67 73 75 80 87
2020: 02 16 17 20 24 26 33 34 45 47 52 53 57 59 63 75 90 91 92 99
2019: 04 07 10 11 22 33 50 56 57 58 65 66 67 68 76 83 84 87 88 95
2018: 08 09 11 13 19 31 38 42 45 46 47 49 55 61 68 69 81 82 88 93
2017: 11 23 24 41 43 44 48 56 61 63 65 72 77 80 82 85 86 87 88 93
2016: 00 02 11 19 25 28 30 37 38 45 56 58 61 74 77 82 85 86 88 99
2015: 11 24 26 27 28 32 35 37 42 45 48 52 54 64 65 76 90 92 96 97
2014: 03 09 13 23 29 32 34 40 58 61 63 66 70 72 74 76 77 80 81 99
2013: 01 05 06 10 31 33 35 40 44 54 55 58 64 68 74 75 81 87 88 92
2012: 01 10 12 17 23 28 35 37 40 42 43 50 53 54 66 68 84 92 97 99
2011: 04 17 20 21 28 29 36 38 46 47 49 55 57 59 62 73 79 80 83 91
2010: 00 05 08 10 20 22 27 33 39 43 48 53 62 68 69 74 79 84 93 98
2009: 04 07 10 15 20 21 23 26 33 34 39 40 43 53 66 69 75 79 82 91
2008: 01 11 14 16 18 26 28 29 32 35 41 42 43 45 52 70 78 84 88 96
2007: 00 03 09 10 21 24 33 38 53 60 61 65 77 78 80 81 83 84 95 98
2006: 05 06 08 14 15 16 24 25 26 35 37 44 54 63 64 69 72 74 90 97
2005: 01 09 11 26 30 35 40 42 55 60 63 64 69 71 72 76 83 91 92 96
2004: 14 21 23 28 32 35 37 40 47 48 51 63 69 72 74 84 86 88 91 99
2003: 05 07 16 17 24 25 26 33 36 47 50 53 78 79 81 85 86 87 91 99
2002: 08 31 32 43 53 54 56 57 65 69 76 79 80 82 87 88 91 97 98 99
2001: 01 03 11 17 19 29 31 35 49 50 53 57 63 79 83 87 89 91 95 99
2000: 05 17 20 22 25 28 33 38 39 61 62 65 66 70 73 74 83 87 93 98
1999: 12 15 18 20 26 33 35 39 45 47 54 61 63 64 66 76 77 84 85 91
1998: 03 04 10 16 21 24 29 31 38 39 42 62 64 68 74 76 81 90 91 98
1997: 05 06 09 16 17 22 30 31 36 43 50 55 58 61 68 69 72 80 81 92
1996: 01 11 15 23 28 30 31 40 43 44 51 57 66 68 86 90 93 94 96 99
1995: 07 11 16 28 34 38 44 65 72 73 75 79 80 81 82 91 94 95 98 99
1994: 02 03 04 07 16 21 26 34 37 42 44 50 60 71 85 86 88 90 92 95
1993: 00 06 07 08 12 13 24 30 32 41 48 52 69 73 74 82 83 89 92 94
1992: 05 09 21 44 46 49 58 59 64 65 70 72 73 74 78 90 91 92 95 96
1991: 07 18 22 24 31 35 43 53 56 57 61 63 67 70 77 81 90 91 92 97
1990: 02 03 06 10 12 25 31 35 42 43 50 57 61 66 69 74 75 80 86 88
1989: 02 11 17 20 21 27 31 34 37 38 41 44 45 48 51 53 64 79 88 96
1988: 01 03 05 08 24 51 54 65 71 76 78 82 83 84 86 88 90 91 93 99
1987: 00 03 11 13 18 19 21 31 37 42 43 44 50 53 57 68 69 78 92 98
1986: 08 09 10 38 39 40 43 48 53 54 55 58 67 68 71 74 76 83 89 91
1985: 01 10 12 14 22 26 31 35 37 41 44 48 54 55 56 66 72 78 87 95
1984: 00 08 10 17 24 29 35 39 42 43 55 74 75 78 79 85 86 89 92 94
1983: 04 05 10 12 17 18 19 24 30 34 41 61 66 70 71 73 74 81 95 98
1982: 02 14 26 27 33 35 37 40 45 48 54 55 64 65 66 76 83 87 88 90
1981: 00 05 14 27 30 34 36 40 43 44 55 65 68 76 78 85 88 92 98 99
1980: 00 01 08 09 11 15 16 27 54 58 61 63 67 68 69 78 79 89 93 95
1979: 03 10 26 29 31 36 40 56 58 62 66 68 74 77 79 87 88 92 93 95
1978: 03 08 20 22 28 30 37 38 43 58 68 80 82 84 86 88 89 91 95 98
1977: 01 03 06 08 09 11 18 20 26 31 32 37 49 68 71 75 77 86 87 91
1976: 06 16 18 20 21 46 47 48 50 54 55 59 69 71 72 73 80 83 87 94
1975: 00 03 06 07 22 23 25 26 31 32 40 41 42 45 52 53 64 65 67 71
1974: 06 11 18 19 31 34 35 52 53 57 69 72 76 77 82 90 92 93 96 97
1973: 00 09 10 18 19 21 29 37 41 43 49 56 58 59 61 65 73 90 91 94
1972: 00 02 07 12 25 26 31 37 40 41 48 54 61 75 78 80 83 85 95 96
1971: 01 04 05 07 15 21 23 25 26 27 28 34 44 45 67 69 78 87 92 99
1970: 06 08 09 25 28 30 37 48 51 57 59 62 63 72 73 81 83 84 90 98
1969: 01 08 10 16 17 20 22 35 38 48 56 59 62 64 67 80 81 84 94 98
1968: 02 04 08 12 13 17 21 22 31 53 54 56 68 69 82 86 93 94 97 98
1967: 03 06 12 15 25 26 27 28 47 50 56 69 71 85 87 89 90 93 95 97
1966: 06 07 11 18 19 24 38 42 47 48 56 58 63 65 68 73 77 79 81 90
1965: 09 12 13 18 22 32 34 41 51 53 56 66 70 80 82 85 94 95 98 99
1964: 08 09 17 22 24 34 35 43 49 52 56 57 58 67 75 81 83 91 93 96
1963: 08 09 19 30 36 40 42 53 54 55 59 62 63 66 71 74 87 88 97 99
1962: 00 01 07 13 21 24 25 32 34 36 37 50 54 60 61 73 80 92 93 98
1961: 08 09 11 12 13 17 26 33 37 41 51 58 63 65 68 77 80 86 89 90
