3042: 02 05 10 35 40 53
3041: 16 21 24 31 43 54
3040: 03 16 24 30 49 54
3039: 14 16 21 39 53 58
3038: 30 35 38 39 46 50
3037: 02 11 22 30 51 54
3036: 05 12 21 33 43 50
3035: 05 07 17 51 56 59
3034: 08 28 30 37 39 60
3033: 18 21 23 43 55 58
3032: 08 12 23 27 42 43
3031: 20 28 32 35 40 54
3030: 06 11 25 45 48 58
3029: 01 11 24 33 35 59
3028: 02 10 11 25 51 56
3027: 06 15 16 24 34 47
3026: 14 19 42 45 48 54
3025: 07 14 16 21 33 58
3024: 13 39 42 44 47 49
3023: 22 25 30 31 39 60
3022: 02 03 08 11 17 22
3021: 16 19 22 24 46 58
3020: 06 09 17 27 29 45
3019: 05 31 32 48 54 56
3018: 05 06 17 27 57 58
3017: 04 06 26 28 32 45
3016: 11 19 33 52 55 60
3015: 09 18 26 31 53 58
3014: 27 30 35 40 44 58
3013: 02 14 21 22 34 44
3012: 05 07 17 41 42 49
3011: 02 05 27 36 40 60
3010: 03 30 33 35 45 47
3009: 04 06 08 18 21 30
3008: 11 12 14 20 42 44
3007: 17 19 27 32 38 44
3006: 25 42 45 48 50 60
3005: 17 23 29 30 48 50
3004: 01 05 07 22 50 59
3003: 08 24 27 37 47 55
3002: 04 27 51 52 54 58
3001: 01 13 32 36 43 60
3000: 22 23 36 40 52 60
2999: 09 24 26 38 45 58
2998: 15 18 28 31 52 58
2997: 14 20 32 37 39 42
2996: 07 09 27 38 49 52
2995: 08 29 42 49 50 58
2994: 01 10 23 31 40 55
2993: 03 15 31 42 43 51
2992: 04 17 23 33 36 49
2991: 04 14 19 23 36 53
2990: 06 14 18 29 30 44
2989: 06 14 28 31 56 59
2988: 21 23 28 36 57 58
2987: 16 17 20 28 46 47
2986: 01 05 13 26 41 53
2985: 06 08 21 32 41 60
2984: 06 11 15 28 42 60
2983: 03 15 30 32 40 52
2982: 02 35 41 46 49 58
2981: 15 22 27 32 50 58
2980: 03 14 27 33 43 45
2979: 18 27 37 43 47 53
2978: 06 09 13 20 42 50
2977: 08 19 27 32 38 52
2976: 07 09 10 21 28 43
2975: 07 10 17 35 44 46
2974: 03 10 12 19 37 40
2973: 16 24 27 31 45 46
2972: 09 10 15 46 49 51
2971: 01 27 39 40 46 56
2970: 22 32 37 41 42 59
2969: 01 02 05 14 18 32
2968: 10 11 22 26 36 46
2967: 01 06 38 47 56 60
2966: 06 07 09 43 44 53
2965: 01 20 22 23 35 57
2964: 03 09 15 17 30 60
2963: 06 20 34 44 53 57
2962: 06 29 33 38 53 56
2961: 10 13 55 56 59 60
2960: 03 13 15 16 46 47
2959: 18 26 35 41 44 45
2958: 07 09 14 35 42 49
2957: 19 28 36 37 48 52
2956: 10 18 21 24 43 47
2955: 09 13 21 32 33 59
2954: 01 09 37 39 42 44
2953: 05 10 24 25 47 54
2952: 01 20 45 48 51 58
2951: 05 08 30 31 37 45
2950: 21 23 42 49 50 60
2949: 04 06 11 38 49 54
2948: 06 24 37 52 53 58
2947: 04 10 15 37 39 44
2946: 04 13 17 21 49 54
2945: 01 02 03 07 27 33
2944: 08 15 23 39 40 59
2943: 08 29 30 36 39 60
2942: 12 30 40 46 54 60
2941: 14 30 33 35 48 51
2940: 07 08 09 13 22 53
2939: 22 31 33 37 42 49
2938: 10 14 15 35 44 56
2937: 12 17 26 34 44 52
2936: 04 07 09 15 29 32
2935: 09 18 28 34 38 57
2934: 09 17 23 26 33 59
2933: 01 18 22 42 48 50
2932: 04 13 25 36 40 53
2931: 04 19 23 36 47 52
2930: 01 11 13 14 36 45
2929: 03 07 08 34 35 51
2928: 14 24 29 32 46 48
2927: 11 27 34 55 56 58
2926: 03 04 14 35 45 49
2925: 07 09 12 13 24 27
2924: 10 19 30 40 48 54
2923: 18 27 32 39 55 56
2922: 04 23 30 39 40 41
2921: 09 12 14 16 26 36
2920: 08 12 16 19 31 58
2919: 03 26 28 37 42 53
2918: 11 27 31 41 48 54
2917: 06 19 38 41 46 57
2916: 05 11 16 27 40 45
2915: 10 11 15 38 52 60
2914: 18 25 35 40 46 47
2913: 17 21 34 52 55 60
2912: 09 25 37 41 51 59
2911: 23 27 32 54 56 59
2910: 03 04 11 15 28 29
2909: 08 21 31 41 53 58
2908: 20 35 36 37 38 50
2907: 30 33 42 44 52 56
2906: 17 33 37 41 46 49
2905: 04 17 18 26 43 52
2904: 02 37 38 46 52 55
2903: 20 24 27 46 50 54
2902: 08 21 22 42 45 48
2901: 02 20 28 38 44 47
2900: 33 50 54 55 59 60
2899: 10 22 28 42 44 51
2898: 14 23 30 32 38 48
2897: 01 06 24 27 28 57
2896: 08 09 12 16 43 53
2895: 09 11 44 51 52 56
2894: 05 21 24 25 29 49
2893: 10 40 41 45 48 50
2892: 14 24 36 44 46 54
2891: 19 24 26 34 35 54
2890: 15 16 18 32 35 54
2889: 13 16 36 39 40 55
2888: 03 09 15 27 39 59
2887: 14 29 30 50 53 57
2886: 02 13 19 20 55 59
2885: 10 25 28 36 37 56
2884: 05 31 34 37 52 56
2883: 01 40 43 56 57 60
2882: 11 15 19 23 49 51
2881: 11 13 16 34 35 39
2880: 08 14 15 33 34 54
2879: 11 20 29 47 52 56
2878: 15 16 43 46 47 51
2877: 03 05 15 37 54 57
2876: 09 31 32 40 45 55
2875: 06 15 31 38 40 49
2874: 04 05 09 17 49 53
2873: 04 05 17 27 52 56
2872: 08 23 32 34 35 57
2871: 04 19 38 43 48 55
2870: 06 13 15 19 32 60
2869: 02 10 13 40 41 53
2868: 10 19 22 26 38 51
2867: 05 09 15 24 25 60
2866: 01 12 17 19 36 60
2865: 02 25 30 39 47 51
2864: 05 06 15 17 31 53
2863: 05 23 32 34 47 56
2862: 02 04 14 18 22 44
2861: 02 21 27 46 51 53
2860: 02 05 17 24 38 57
2859: 07 08 15 17 20 51
2858: 08 18 27 28 48 52
2857: 02 18 28 38 41 50
2856: 03 05 10 27 38 48
2855: 12 16 24 31 51 55
2854: 02 13 16 31 44 55
2853: 04 18 23 48 53 56
2852: 06 22 24 49 53 56
2851: 05 06 17 37 43 54
2850: 01 02 15 26 43 50
2849: 13 19 25 29 31 43
2848: 05 14 19 29 30 54
2847: 03 05 22 35 53 56
2846: 01 12 16 17 25 57
2845: 10 31 40 52 54 56
2844: 07 20 31 54 55 58
2843: 01 37 39 40 43 59
2842: 04 08 49 51 52 55
2841: 04 05 12 34 36 48
2840: 01 33 39 49 57 60
2839: 27 30 37 40 46 47
2838: 04 07 29 32 36 53
2837: 03 14 34 35 42 50
2836: 01 06 10 30 42 50
2835: 09 24 27 36 43 54
2834: 05 08 11 15 39 47
2833: 01 03 13 16 36 56
2832: 02 12 18 21 24 37
2831: 02 09 32 38 48 55
2830: 01 28 34 36 51 52
2829: 13 22 38 46 51 56
2828: 15 21 25 55 58 59
2827: 01 11 13 27 45 59
2826: 06 10 20 54 58 60
2825: 02 38 50 54 58 59
2824: 04 16 34 43 54 57
2823: 07 15 21 37 57 60
2822: 29 39 46 47 53 56
2821: 14 22 30 33 44 45
2820: 06 15 19 25 32 42
2819: 11 12 39 43 46 50
2818: 07 10 12 15 25 47
2817: 24 30 43 46 55 60
2816: 04 17 19 20 40 48
2815: 05 20 28 38 50 53
2814: 11 17 19 26 49 54
2813: 10 21 32 38 51 58
2812: 15 18 27 31 39 42
2811: 08 27 36 37 39 45
2810: 01 17 19 29 50 57
2809: 02 04 15 28 34 39
2808: 10 24 33 35 41 46
2807: 08 25 49 52 55 56
2806: 05 11 13 33 45 46
2805: 01 06 24 47 55 58
2804: 14 24 25 31 33 60
2803: 01 20 32 43 57 59
2802: 17 21 26 28 32 60
2801: 25 27 33 46 48 56
2800: 01 13 19 46 50 57
2799: 01 31 38 40 45 60
2798: 03 09 18 54 59 60
2797: 01 03 15 25 45 52
2796: 03 06 14 33 55 58
2795: 13 16 33 43 46 55
2794: 03 09 14 20 28 52
2793: 07 09 25 37 57 59
2792: 16 22 33 34 49 59
2791: 02 03 11 25 37 43
2790: 29 32 40 42 49 58
2789: 03 17 18 19 20 55
2788: 23 37 39 47 52 56
2787: 08 10 23 34 36 50
2786: 06 11 17 20 40 51
2785: 20 27 48 50 57 59
2784: 27 30 35 44 57 59
2783: 07 30 38 39 43 54
2782: 06 11 16 25 28 45
2781: 10 31 35 45 50 55
2780: 07 09 10 14 46 53
2779: 14 19 32 44 51 54
2778: 20 33 34 40 43 57
2777: 02 13 21 38 42 52
2776: 05 17 22 37 51 52
2775: 01 04 14 26 44 51
2774: 06 16 22 24 38 50
2773: 19 23 32 34 38 57
2772: 01 12 33 41 53 56
2771: 07 13 14 33 38 50
2770: 21 28 37 44 50 60
2769: 10 16 35 46 49 60
2768: 02 12 18 28 32 33
2767: 14 21 42 47 50 59
2766: 09 10 34 36 38 44
2765: 08 12 34 39 43 47
2764: 20 31 34 38 42 51
2763: 15 16 19 43 44 49
2762: 01 17 30 40 48 50
2761: 03 22 34 44 49 57
2760: 08 11 19 39 47 48
2759: 03 10 38 40 48 59
2758: 19 35 36 37 41 60
2757: 01 21 37 40 51 54
2756: 01 06 13 18 43 46
2755: 07 13 17 33 41 58
2754: 10 14 44 55 56 58
2753: 06 26 31 46 52 55
2752: 04 15 24 40 44 47
2751: 04 13 18 42 52 53
2750: 07 11 12 19 36 52
2749: 08 25 27 38 43 44
2748: 19 32 43 46 50 52
2747: 14 17 24 28 36 45
2746: 22 27 30 43 51 56
2745: 02 05 07 11 52 57
2744: 10 25 26 33 34 38
2743: 13 25 27 30 37 53
2742: 02 11 25 32 37 57
2741: 01 33 35 39 42 56
2740: 13 16 17 34 41 47
2739: 19 25 37 45 47 53
2738: 02 19 25 44 46 60
2737: 16 20 30 34 37 45
2736: 11 17 24 26 35 43
2735: 05 33 46 47 53 59
2734: 21 27 35 48 59 60
2733: 14 20 21 39 44 56
2732: 01 03 16 18 49 60
2731: 04 12 32 45 49 58
2730: 07 24 29 41 46 60
2729: 20 27 41 47 53 54
2728: 02 09 11 25 43 51
2727: 04 32 39 48 51 57
2726: 27 45 49 53 55 59
2725: 02 10 32 33 38 47
2724: 11 21 24 26 42 54
2723: 06 12 19 28 50 60
2722: 19 23 25 36 44 46
2721: 09 10 11 25 46 48
2720: 08 15 16 23 42 43
2719: 16 25 27 30 42 48
2718: 06 30 34 41 46 59
2717: 06 22 34 36 44 50
2716: 05 20 27 28 48 49
2715: 07 19 25 46 50 53
2714: 16 17 42 45 52 57
2713: 09 23 25 26 35 58
2712: 07 15 19 35 40 42
2711: 14 36 38 46 55 60
2710: 05 06 25 42 44 50
2709: 12 22 23 24 47 53
2708: 10 11 12 19 23 28
2707: 07 09 11 39 54 57
2706: 10 11 17 24 30 45
2705: 02 16 22 27 35 47
2704: 03 07 10 25 31 52
2703: 03 07 11 35 38 56
2702: 06 13 20 34 40 46
2701: 06 15 18 31 32 47
2700: 01 11 19 20 28 48
2699: 09 23 31 49 54 58
2698: 02 18 19 35 45 60
2697: 10 11 13 25 27 42
2696: 04 13 18 39 55 59
2695: 15 17 32 33 34 40
2694: 07 20 22 29 41 58
2693: 11 29 44 45 46 50
2692: 09 33 45 55 56 59
2691: 13 15 28 37 40 57
2690: 09 28 33 43 45 55
2689: 09 16 20 47 48 52
2688: 12 17 33 41 46 54
2687: 02 04 24 30 34 50
2686: 06 12 20 41 43 59
2685: 09 16 31 46 47 51
2684: 17 26 45 46 48 53
2683: 01 03 23 27 47 57
2682: 04 17 29 30 52 58
2681: 10 20 30 42 47 53
2680: 03 11 42 45 46 57
2679: 07 18 20 26 38 51
2678: 10 13 16 18 37 54
2677: 03 07 32 34 42 54
2676: 04 06 14 19 22 29
2675: 01 26 31 34 42 45
2674: 08 14 15 21 23 46
2673: 04 27 35 45 52 56
2672: 10 13 20 40 43 56
2671: 16 19 43 53 57 58
2670: 21 24 33 41 48 56
2669: 04 07 16 35 46 54
2668: 01 27 30 41 46 57
2667: 01 04 08 21 46 51
2666: 05 25 29 30 43 47
2665: 03 14 21 22 37 39
2664: 12 15 17 30 40 52
2663: 07 11 27 41 56 59
2662: 17 20 31 34 40 42
2661: 06 30 35 38 41 56
2660: 06 12 13 20 38 60
2659: 11 36 46 53 55 60
2658: 05 13 39 51 58 60
2657: 07 27 32 33 36 53
2656: 20 24 27 46 57 58
2655: 10 23 30 31 49 56
2654: 11 17 23 36 47 51
2653: 14 32 41 43 48 60
2652: 13 23 26 29 45 59
2651: 06 23 35 36 37 59
2650: 09 18 29 37 39 58
2649: 06 11 26 32 46 56
2648: 20 44 45 46 56 59
2647: 09 33 39 43 50 54
2646: 18 28 30 39 41 58
2645: 08 22 34 42 51 59
2644: 04 17 22 28 30 49
2643: 02 10 29 31 56 59
2642: 08 13 31 33 49 50
2641: 09 24 34 39 45 50
2640: 04 08 10 27 28 32
2639: 02 08 11 22 48 49
2638: 09 30 34 44 54 55
2637: 01 02 10 32 34 59
2636: 05 16 38 42 43 48
2635: 06 11 29 37 56 58
2634: 08 27 28 32 48 56
2633: 02 23 25 33 45 54
2632: 05 10 27 38 56 57
2631: 14 26 36 39 50 53
2630: 14 18 22 26 31 38
2629: 11 32 35 40 41 48
2628: 05 14 32 40 53 54
2627: 13 25 31 43 57 58
2626: 01 09 13 16 52 59
2625: 09 10 35 44 55 58
2624: 05 31 37 47 52 58
2623: 10 15 20 35 37 59
2622: 09 19 22 24 50 60
2621: 06 09 14 16 42 47
2620: 04 06 13 21 26 28
2619: 05 36 39 41 44 50
2618: 06 17 29 35 45 48
2617: 03 14 36 42 43 44
2616: 06 16 23 35 38 49
2615: 05 07 22 23 41 59
2614: 03 08 13 14 19 25
2613: 14 26 40 42 46 52
2612: 20 27 34 44 50 54
2611: 04 12 18 21 25 49
2610: 10 23 34 53 55 57
2609: 03 21 27 32 35 60
2608: 07 13 17 24 29 52
2607: 07 11 25 51 57 60
2606: 02 10 16 32 45 49
2605: 05 11 26 35 46 54
2604: 16 17 19 22 46 57
2603: 03 07 13 29 52 56
2602: 11 14 16 30 32 46
2601: 03 08 34 40 44 55
2600: 04 18 37 38 46 60
2599: 23 28 34 43 47 60
2598: 07 14 24 53 58 60
2597: 14 26 34 54 56 58
2596: 34 35 39 47 51 56
2595: 01 13 34 39 50 52
2594: 07 26 32 35 49 55
2593: 10 14 17 25 32 39
2592: 15 17 28 34 35 51
2591: 10 11 21 23 28 30
2590: 02 12 28 36 43 48
2589: 01 15 16 25 32 36
2588: 09 13 22 31 57 58
2587: 05 10 11 22 23 37
2586: 10 18 41 49 53 59
2585: 14 26 34 36 43 59
2584: 01 05 12 36 53 55
2583: 02 20 27 30 52 59
2582: 10 14 17 19 21 34
2581: 14 17 32 36 39 60
2580: 03 04 13 29 36 43
2579: 05 10 26 35 38 44
2578: 37 39 47 50 59 60
2577: 12 18 22 31 44 50
2576: 29 32 33 35 38 43
2575: 04 12 14 41 46 53
2574: 12 17 43 44 48 60
2573: 06 26 32 35 37 49
2572: 03 07 15 22 24 50
2571: 09 18 33 38 41 51
2570: 08 18 26 27 47 50
2569: 06 07 25 28 31 52
2568: 16 22 29 35 38 49
2567: 10 11 19 33 58 60
2566: 11 23 45 53 57 59
2565: 09 13 25 39 46 54
2564: 07 08 14 19 32 45
2563: 05 09 14 30 38 50
2562: 06 12 32 44 51 57
2561: 19 22 37 44 51 56
2560: 04 05 17 20 48 52
2559: 09 12 20 30 32 35
2558: 02 10 18 25 34 44
2557: 03 13 16 25 27 33
2556: 02 06 10 14 34 56
2555: 03 20 45 52 53 58
2554: 19 25 43 44 48 49
2553: 13 15 53 54 55 58
2552: 05 24 25 33 38 41
2551: 01 25 29 43 46 48
2550: 04 05 10 34 58 59
2549: 01 06 10 30 33 35
2548: 09 15 23 25 29 30
2547: 10 25 31 37 38 57
2546: 03 23 28 34 38 48
2545: 20 23 32 36 39 57
2544: 25 38 45 53 55 56
2543: 02 05 27 30 46 53
2542: 12 20 22 25 26 55
2541: 10 28 45 47 57 59
2540: 02 08 28 34 41 49
2539: 01 23 32 33 36 59
2538: 06 15 19 20 33 52
2537: 12 24 26 31 37 48
2536: 09 22 27 30 33 45
2535: 01 03 24 37 51 56
2534: 28 36 39 44 56 60
2533: 17 18 20 37 45 53
2532: 10 14 17 18 23 30
2531: 01 05 18 49 55 56
2530: 14 17 18 28 30 44
2529: 03 05 32 56 57 59
2528: 04 15 22 53 56 60
2527: 08 19 29 38 48 56
2526: 02 16 24 38 43 59
2525: 04 13 21 26 47 51
2524: 03 20 22 37 41 43
2523: 01 10 27 36 37 45
2522: 04 05 25 32 39 40
2521: 23 28 33 38 55 59
2520: 02 17 22 41 58 60
2519: 03 08 20 36 38 57
2518: 03 22 23 44 53 60
2517: 01 05 06 16 22 39
2516: 08 17 49 51 52 53
2515: 03 12 19 41 45 54
2514: 05 15 24 34 45 52
2513: 13 19 21 35 46 50
2512: 07 10 34 47 49 52
2511: 04 10 15 39 41 49
2510: 08 13 25 32 44 57
2509: 08 37 39 50 59 60
2508: 41 45 48 51 53 58
2507: 04 06 12 34 35 53
2506: 21 22 29 34 40 44
2505: 03 05 19 26 43 51
2504: 14 33 41 42 44 55
2503: 03 14 16 38 43 45
2502: 16 20 21 39 44 55
2501: 11 27 32 40 58 59
2500: 05 16 25 32 39 55
2499: 11 19 38 47 56 59
2498: 09 12 26 29 46 47
2497: 05 14 23 46 48 52
2496: 07 26 31 38 46 58
2495: 08 12 14 30 33 41
2494: 01 04 10 22 53 54
2493: 04 09 37 43 44 56
2492: 10 30 31 33 42 52
2491: 22 29 38 43 48 53
2490: 11 16 17 41 46 59
2489: 03 10 13 25 41 42
2488: 17 31 34 40 56 57
2487: 23 36 42 48 54 58
2486: 08 09 17 19 33 56
2485: 05 12 32 38 47 60
2484: 11 14 36 41 54 59
2483: 20 34 38 40 49 54
2482: 01 32 35 44 45 57
2481: 01 08 21 27 36 37
2480: 04 06 09 31 50 56
2479: 10 15 17 20 21 35
2478: 02 17 23 28 39 46
2477: 20 33 37 38 49 50
2476: 02 07 32 46 49 55
2475: 01 40 44 45 58 60
2474: 22 30 38 39 49 56
2473: 15 18 28 42 55 60
2472: 05 13 18 23 35 36
2471: 08 23 29 30 36 55
2470: 08 33 40 42 48 51
2469: 05 28 30 38 52 55
2468: 22 35 41 42 53 57
2467: 01 10 19 34 35 45
2466: 02 03 13 20 53 54
2465: 03 08 23 29 53 54
2464: 02 07 24 43 52 56
2463: 11 16 31 37 42 51
2462: 03 16 23 41 45 57
2461: 08 11 16 21 32 37
2460: 16 17 18 28 35 47
2459: 15 24 33 49 53 59
2458: 15 40 44 45 47 51
2457: 10 19 46 47 49 50
2456: 28 34 40 41 52 55
2455: 21 38 50 53 56 59
2454: 09 14 22 24 44 47
2453: 10 14 15 24 34 44
2452: 08 10 51 56 57 58
2451: 13 26 31 46 51 60
2450: 02 06 11 15 17 39
2449: 14 20 21 31 49 52
2448: 18 30 32 35 40 48
2447: 13 19 29 42 49 52
2446: 01 13 27 41 51 58
2445: 11 25 32 37 47 56
2444: 15 17 20 35 37 43
2443: 01 05 12 13 17 31
2442: 02 07 09 25 41 49
2441: 09 41 42 46 47 54
2440: 12 15 23 32 33 46
2439: 02 08 34 38 47 51
2438: 04 11 19 25 37 55
2437: 01 19 41 46 48 55
2436: 05 15 28 32 38 54
2435: 05 22 30 32 33 36
2434: 01 02 14 28 40 51
2433: 08 09 32 52 53 57
2432: 07 29 38 40 44 52
2431: 08 11 22 25 26 36
2430: 19 26 39 45 46 56
2429: 11 37 53 55 56 60
2428: 03 09 25 28 29 39
2427: 03 19 25 37 44 56
2426: 05 11 24 27 32 57
2425: 10 31 38 46 49 54
2424: 03 16 17 37 38 53
2423: 16 18 38 48 51 60
2422: 02 07 10 20 30 46
2421: 02 03 32 35 48 57
2420: 05 08 29 39 44 60
2419: 10 35 43 48 50 53
2418: 02 11 19 27 57 60
2417: 03 07 10 11 27 46
2416: 06 07 11 26 37 57
2415: 10 12 26 29 35 60
2414: 04 05 06 14 29 38
2413: 03 22 37 40 41 48
2412: 09 16 34 36 49 60
2411: 07 26 29 34 43 44
2410: 07 10 27 35 43 59
2409: 02 29 39 49 52 58
2408: 04 29 30 38 43 57
2407: 13 17 31 43 54 55
2406: 08 12 29 43 54 60
2405: 21 38 48 49 53 59
2404: 01 19 35 40 47 54
2403: 10 12 14 32 33 34
2402: 06 22 25 29 30 60
2401: 08 11 13 33 38 48
2400: 09 21 25 26 36 53
2399: 27 35 42 44 51 52
2398: 08 17 30 36 54 59
2397: 06 14 20 39 46 48
2396: 02 03 25 39 42 49
2395: 04 11 12 44 45 57
2394: 05 16 25 36 42 44
2393: 26 27 28 32 38 51
2392: 11 15 23 25 34 53
2391: 05 08 13 27 36 50
2390: 09 13 20 22 32 56
2389: 16 30 37 39 40 51
2388: 08 30 33 37 45 48
2387: 08 26 30 31 38 48
2386: 11 13 16 35 49 50
2385: 12 24 32 37 43 60
2384: 09 13 22 25 26 31
2383: 13 15 16 20 40 41
2382: 06 09 19 38 53 55
2381: 07 23 32 41 42 47
2380: 11 16 20 24 39 53
2379: 02 08 26 32 46 56
2378: 11 37 38 41 49 54
2377: 05 18 29 35 43 44
2376: 12 14 17 18 19 22
2375: 02 06 44 46 53 58
2374: 12 13 25 37 39 41
2373: 23 24 26 44 49 60
2372: 03 19 25 44 46 57
2371: 04 15 30 36 39 48
2370: 07 31 37 42 44 56
2369: 04 09 17 19 37 60
2368: 04 07 13 25 36 58
2367: 05 23 29 34 53 60
2366: 04 27 33 35 38 41
2365: 01 17 28 37 44 50
2364: 20 33 42 44 51 56
2363: 06 14 24 34 39 58
2362: 03 20 22 32 35 50
2361: 14 21 22 29 35 46
2360: 10 15 21 24 29 45
2359: 31 32 39 42 43 51
2358: 05 09 11 16 43 57
2357: 19 28 30 34 40 51
2356: 03 10 25 36 51 58
2355: 07 30 31 41 50 56
2354: 06 18 25 30 42 54
2353: 03 19 34 41 48 53
2352: 09 17 38 41 49 55
2351: 19 22 35 41 47 49
2350: 25 28 29 34 41 45
2349: 05 10 25 32 49 54
2348: 02 03 07 48 51 54
2347: 08 09 17 30 58 60
2346: 03 04 11 40 42 58
2345: 07 16 19 22 28 55
2344: 11 17 25 38 52 57
2343: 04 31 42 45 49 56
2342: 17 20 24 27 40 60
2341: 04 09 31 32 42 46
2340: 16 21 28 41 49 51
2339: 04 18 29 47 48 59
2338: 08 21 23 34 42 47
2337: 02 09 34 49 51 55
2336: 08 10 20 27 28 50
2335: 09 18 23 42 47 49
2334: 04 13 20 22 25 60
2333: 09 16 31 41 53 55
2332: 12 33 35 36 44 52
2331: 11 13 16 36 53 57
2330: 17 20 22 35 41 42
2329: 12 14 28 42 45 55
2328: 08 11 14 39 48 53
2327: 30 37 45 54 57 58
2326: 10 16 27 34 36 57
2325: 33 34 37 46 52 60
2324: 02 16 19 31 43 60
2323: 20 27 35 39 50 59
2322: 02 05 10 29 34 41
2321: 14 25 28 41 43 46
2320: 06 30 35 39 42 48
2319: 06 17 25 35 40 49
2318: 28 44 52 54 58 60
2317: 03 08 30 33 35 48
2316: 02 11 43 49 52 56
2315: 01 10 17 26 30 53
2314: 06 07 28 42 45 49
2313: 03 20 26 45 49 58
2312: 03 27 39 46 47 60
2311: 03 05 09 35 43 60
2310: 13 17 28 29 42 53
2309: 09 11 29 30 33 60
2308: 09 13 26 38 58 60
2307: 16 33 38 46 53 55
2306: 03 19 28 33 57 58
2305: 07 16 22 38 55 57
2304: 12 21 29 54 56 57
2303: 03 07 17 20 48 50
2302: 18 22 25 27 43 44
2301: 17 18 35 36 47 52
2300: 09 21 37 39 43 54
2299: 02 03 19 40 44 60
2298: 13 17 21 31 41 49
2297: 20 22 35 40 41 59
2296: 01 06 21 29 36 59
2295: 06 13 26 28 35 41
2294: 09 15 20 33 41 43
2293: 01 02 10 37 42 48
2292: 06 16 18 33 42 57
2291: 12 26 31 36 37 49
2290: 05 18 36 44 57 60
2289: 06 09 34 37 38 45
2288: 02 26 35 39 40 56
2287: 02 04 06 29 41 56
2286: 09 21 30 41 42 43
2285: 01 07 10 12 33 42
2284: 04 10 12 14 36 46
2283: 04 24 37 43 59 60
2282: 12 27 30 36 45 52
2281: 14 27 35 40 50 55
2280: 28 29 31 50 58 59
2279: 05 12 14 20 27 28
2278: 08 17 34 37 43 45
2277: 10 22 23 37 53 60
2276: 05 15 18 27 49 57
2275: 02 04 25 36 50 53
2274: 08 11 17 33 40 55
2273: 15 16 20 38 40 58
2272: 02 05 11 24 41 49
2271: 06 10 27 28 41 52
2270: 14 16 38 39 41 48
2269: 01 11 14 23 29 55
2268: 04 13 23 28 30 52
2267: 20 32 33 48 49 53
2266: 10 23 31 37 58 59
2265: 14 20 23 39 46 50
2264: 02 03 08 19 29 37
2263: 09 24 33 43 49 57
2262: 07 08 14 23 30 46
2261: 07 23 26 27 29 51
2260: 12 14 34 35 37 47
2259: 20 27 41 54 56 58
2258: 01 05 07 14 23 26
2257: 18 21 30 31 34 51
2256: 09 10 30 37 47 54
2255: 15 20 39 41 49 57
2254: 04 09 24 44 47 56
2253: 31 32 33 39 52 55
2252: 01 17 30 37 46 50
2251: 05 15 22 26 54 58
2250: 27 33 39 52 57 58
2249: 04 09 31 47 49 53
2248: 09 15 20 29 30 42
2247: 01 42 44 47 48 53
2246: 05 09 24 27 33 46
2245: 11 14 15 18 33 34
2244: 03 05 11 34 37 42
2243: 14 18 28 35 38 54
2242: 05 09 18 24 25 42
2241: 01 13 18 26 40 56
2240: 07 09 10 19 25 58
2239: 07 27 31 39 45 46
2238: 11 36 45 55 57 58
2237: 11 20 27 28 53 60
2236: 07 20 38 43 45 53
2235: 14 18 30 35 55 57
2234: 04 21 27 29 42 47
2233: 04 06 32 35 41 45
2232: 07 08 31 34 38 47
2231: 04 13 25 40 53 57
2230: 07 17 26 39 56 60
2229: 06 11 29 40 41 58
2228: 09 19 23 32 39 45
2227: 06 09 12 27 32 57
2226: 02 04 07 16 30 38
2225: 01 32 37 44 46 47
2224: 16 23 32 50 52 58
2223: 02 26 40 42 49 56
2222: 13 14 29 30 48 59
2221: 05 23 34 45 56 57
2220: 03 35 38 40 57 58
2219: 08 28 36 45 57 59
2218: 06 16 22 38 48 52
2217: 10 14 16 30 32 36
2216: 10 24 42 43 48 49
2215: 01 19 21 23 33 43
2214: 04 10 18 30 34 47
2213: 05 07 10 32 46 60
2212: 23 26 51 52 53 58
2211: 27 36 40 41 44 54
2210: 11 17 24 25 33 34
2209: 22 25 28 32 33 47
2208: 16 25 30 40 45 49
2207: 06 10 11 43 53 55
2206: 06 27 38 42 45 57
2205: 12 21 28 37 42 57
2204: 01 28 29 32 35 56
2203: 17 34 46 49 50 57
2202: 11 29 37 38 43 60
2201: 03 13 23 41 49 53
2200: 11 15 28 36 43 55
2199: 15 23 30 35 38 44
2198: 01 11 34 36 44 56
2197: 03 11 29 35 44 57
2196: 01 25 27 28 41 56
2195: 14 24 32 38 46 53
2194: 08 16 20 21 31 34
2193: 07 08 22 27 29 42
2192: 07 16 37 53 57 59
2191: 04 08 26 33 46 53
2190: 05 09 20 25 35 53
2189: 04 11 16 22 29 33
2188: 02 17 21 28 51 60
2187: 10 11 16 21 46 50
2186: 12 18 19 27 41 46
2185: 09 18 19 22 42 47
2184: 15 36 45 51 52 59
2183: 13 26 30 34 43 51
2182: 19 22 39 46 47 59
2181: 01 08 19 33 36 48
2180: 10 12 16 21 28 38
2179: 02 13 24 35 50 54
2178: 02 16 21 42 50 56
2177: 09 11 14 31 48 51
2176: 08 23 25 39 43 44
2175: 07 25 32 43 53 55
2174: 10 15 34 36 56 60
2173: 02 09 42 44 48 50
2172: 09 24 28 37 43 57
2171: 12 13 19 36 44 55
2170: 10 21 24 36 38 51
2169: 07 34 45 51 54 59
2168: 01 04 25 27 29 37
2167: 27 37 38 43 45 54
2166: 03 19 34 44 56 58
2165: 05 37 43 49 54 56
2164: 16 17 25 47 48 58
2163: 08 18 20 24 36 45
2162: 11 16 22 30 34 42
2161: 08 09 10 24 42 44
2160: 01 19 46 47 49 53
2159: 14 26 35 38 45 53
2158: 09 27 35 45 46 59
2157: 31 33 34 35 39 48
2156: 01 06 23 26 39 49
2155: 02 06 27 37 44 47
2154: 07 25 41 47 50 53
2153: 08 13 28 31 32 33
2152: 26 29 36 49 50 59
2151: 02 14 18 29 36 38
2150: 23 24 26 38 42 49
2149: 21 23 37 44 46 48
2148: 08 15 32 33 58 59
2147: 17 19 37 41 42 49
2146: 16 18 31 39 42 44
2145: 06 08 28 51 53 59
2144: 07 16 21 33 55 60
2143: 02 12 35 51 57 58
2142: 07 40 44 50 52 57
2141: 10 11 17 19 37 41
2140: 17 20 26 36 42 54
2139: 14 23 29 41 57 58
2138: 04 13 14 21 30 34
2137: 01 02 11 12 34 49
2136: 01 08 11 22 30 35
2135: 09 23 28 40 48 59
2134: 06 21 34 46 54 59
2133: 19 20 26 51 52 57
2132: 05 18 30 35 39 60
2131: 02 03 06 18 20 28
2130: 13 16 36 53 54 55
2129: 06 12 31 32 46 60
2128: 11 16 24 46 54 55
2127: 01 07 28 30 44 46
2126: 07 12 24 27 39 58
2125: 01 31 44 46 53 58
2124: 02 11 20 31 43 47
2123: 14 15 47 50 56 59
2122: 03 11 15 21 27 49
2121: 08 10 17 29 37 40
2120: 13 20 24 25 38 41
2119: 19 21 26 31 42 49
2118: 11 12 20 40 41 46
2117: 04 28 29 30 43 52
2116: 01 09 19 21 34 54
2115: 04 19 27 35 40 44
2114: 17 25 30 35 42 57
2113: 11 14 21 25 46 50
2112: 17 39 43 46 52 53
2111: 01 41 44 46 54 58
2110: 05 10 12 18 25 33
2109: 04 12 16 34 44 49
2108: 19 22 29 41 44 59
2107: 08 38 44 50 56 60
2106: 03 27 36 39 40 43
2105: 11 13 16 24 31 46
2104: 02 10 12 27 45 56
2103: 03 13 40 44 46 50
2102: 04 06 17 34 51 57
2101: 02 08 18 37 56 58
2100: 01 10 11 13 35 49
2099: 05 15 20 27 30 58
2098: 02 08 18 27 38 60
2097: 09 24 28 45 49 51
2096: 06 11 13 19 24 51
2095: 16 29 35 43 49 56
2094: 04 16 19 31 33 44
2093: 08 14 27 34 52 54
2092: 11 13 15 17 22 27
2091: 10 11 12 37 38 59
2090: 08 11 18 37 40 51
2089: 05 10 32 38 48 49
2088: 03 14 24 27 38 56
2087: 02 18 19 23 34 53
2086: 04 35 43 46 47 53
2085: 12 21 25 37 38 49
2084: 07 20 26 37 38 39
2083: 01 18 19 33 56 60
2082: 06 25 33 42 48 49
2081: 13 18 35 40 41 42
2080: 10 22 40 46 55 58
2079: 01 02 14 37 55 58
2078: 02 11 15 30 36 39
2077: 13 16 26 35 37 39
2076: 05 06 12 15 22 43
2075: 07 09 23 33 57 59
2074: 08 18 23 37 42 58
2073: 12 15 18 30 52 55
2072: 10 12 13 20 22 54
2071: 24 33 34 35 46 60
2070: 05 26 27 34 42 48
2069: 03 17 34 35 40 48
2068: 03 05 09 40 42 47
2067: 02 11 13 26 32 59
2066: 06 25 27 35 45 55
2065: 04 11 20 30 37 43
2064: 10 14 36 53 55 60
2063: 06 10 19 24 25 29
2062: 08 10 15 23 25 34
2061: 33 36 40 44 45 54
2060: 08 09 11 25 39 41
2059: 04 05 36 40 44 56
2058: 04 19 23 29 56 59
2057: 10 13 20 37 38 54
2056: 18 22 29 34 36 47
2055: 06 25 35 43 46 53
2054: 04 07 12 22 26 39
2053: 12 22 27 37 40 55
2052: 50 51 56 57 58 59
2051: 01 05 06 37 44 53
2050: 08 31 32 33 38 50
2049: 10 19 27 31 51 53
2048: 10 19 26 35 38 39
2047: 01 18 19 29 44 54
2046: 03 06 11 27 28 46
2045: 15 25 27 45 46 50
2044: 07 14 47 54 56 60
2043: 21 38 53 56 57 58
