7086: 01 22 39 58 61
7085: 08 14 49 58 78
7084: 17 22 36 54 63
7083: 15 26 45 73 77
7082: 17 38 50 63 78
7081: 14 22 28 40 45
7080: 02 19 24 39 49
7079: 03 29 46 50 55
7078: 16 31 55 66 71
7077: 02 03 30 46 77
7076: 01 18 22 35 41
7075: 02 04 20 50 73
7074: 17 28 29 41 77
7073: 04 09 32 34 46
7072: 03 13 25 56 65
7071: 06 14 34 38 56
7070: 15 31 36 64 74
7069: 13 20 33 56 65
7068: 06 16 39 69 74
7067: 05 08 18 25 55
7066: 12 14 30 47 76
7065: 16 18 20 40 56
7064: 15 24 29 53 60
7063: 09 36 55 61 79
7062: 15 19 42 50 63
7061: 19 49 59 60 71
7060: 02 19 27 38 69
7059: 27 47 57 70 78
7058: 08 26 27 66 79
7057: 34 38 47 63 75
7056: 28 41 43 50 57
7055: 07 20 22 38 66
7054: 02 11 34 63 68
7053: 02 15 54 63 72
7052: 09 55 63 65 80
7051: 19 32 50 73 75
7050: 24 36 61 66 74
7049: 09 14 25 44 67
7048: 09 25 34 56 70
7047: 06 11 26 50 61
7046: 02 12 37 68 76
7045: 12 13 17 54 71
7044: 02 05 30 54 73
7043: 10 20 21 29 46
7042: 10 13 25 36 60
7041: 25 28 49 56 75
7040: 05 23 52 56 67
7039: 12 15 16 67 80
7038: 02 31 39 64 73
7037: 09 26 42 55 66
7036: 15 42 63 66 77
7035: 14 15 48 58 73
7034: 12 21 74 77 79
7033: 01 29 32 33 56
7032: 05 28 48 49 71
7031: 03 12 40 56 70
7030: 16 19 24 50 55
7029: 13 14 17 20 59
7028: 01 16 41 42 74
7027: 24 27 34 44 47
7026: 19 51 55 57 70
7025: 14 27 29 50 57
7024: 02 38 43 48 74
7023: 16 35 44 66 78
7022: 30 38 47 50 68
7021: 01 24 29 57 61
7020: 23 31 40 41 54
7019: 06 11 42 62 78
7018: 10 15 17 53 61
7017: 12 35 48 58 60
7016: 02 29 31 39 70
7015: 04 13 52 53 55
7014: 11 16 23 42 74
7013: 12 36 37 53 80
7012: 44 53 54 57 75
7011: 09 24 31 45 55
7010: 05 31 32 35 47
7009: 03 20 23 26 42
7008: 14 23 47 55 78
7007: 08 22 29 63 69
7006: 33 41 48 55 68
7005: 14 17 32 44 68
7004: 23 35 52 56 76
7003: 04 14 18 54 75
7002: 04 15 34 49 55
7001: 25 39 49 50 53
7000: 20 30 53 56 64
6999: 02 03 24 29 77
6998: 09 35 45 48 49
6997: 22 25 26 55 74
6996: 29 41 53 64 76
6995: 02 22 44 68 72
6994: 21 29 44 53 80
6993: 07 17 25 49 74
6992: 19 46 69 70 79
6991: 19 21 33 76 78
6990: 44 59 67 71 73
6989: 01 17 26 48 54
6988: 03 09 12 24 80
6987: 31 36 37 58 60
6986: 18 26 44 51 73
6985: 04 09 39 43 73
6984: 04 15 19 21 58
6983: 24 38 46 77 79
6982: 21 25 26 42 46
6981: 07 29 39 59 78
6980: 07 08 66 76 80
6979: 20 23 27 32 42
6978: 09 10 26 44 72
6977: 06 18 43 56 63
6976: 04 24 25 62 78
6975: 01 07 13 31 56
6974: 17 27 30 60 63
6973: 02 11 41 67 78
6972: 12 13 25 33 59
6971: 27 56 64 65 73
6970: 31 41 47 59 78
6969: 24 35 37 39 45
6968: 08 14 44 56 72
6967: 26 47 68 74 77
6966: 09 19 26 28 52
6965: 07 12 26 68 74
6964: 03 09 30 56 58
6963: 06 19 29 62 74
6962: 15 25 37 79 80
6961: 15 45 55 62 65
6960: 07 08 14 39 52
6959: 07 12 27 49 54
6958: 09 14 24 55 68
6957: 11 14 18 67 74
6956: 10 38 51 64 68
6955: 06 08 18 23 74
6954: 02 29 34 44 78
6953: 07 22 35 58 63
6952: 01 02 57 62 79
6951: 01 10 20 44 66
6950: 01 06 24 47 60
6949: 21 51 60 67 73
6948: 03 21 32 46 57
6947: 06 30 52 60 79
6946: 01 48 53 75 80
6945: 33 61 66 68 70
6944: 02 08 30 56 61
6943: 22 23 35 40 44
6942: 16 33 34 50 71
6941: 12 32 34 57 64
6940: 24 53 66 73 77
6939: 10 26 27 55 73
6938: 03 04 21 32 52
6937: 16 17 46 56 70
6936: 08 15 21 39 48
6935: 05 07 33 58 64
6934: 05 15 25 40 67
6933: 51 55 62 64 69
6932: 28 33 65 71 76
6931: 48 69 73 77 79
6930: 05 16 22 65 80
6929: 08 13 14 53 54
6928: 33 44 56 66 72
6927: 03 20 49 57 69
6926: 14 29 40 79 80
6925: 09 25 44 46 62
6924: 04 13 49 52 66
6923: 18 34 41 57 63
6922: 16 26 36 51 56
6921: 26 50 69 74 77
6920: 04 28 34 42 47
6919: 04 06 09 26 64
6918: 09 21 24 63 69
6917: 11 15 29 48 57
6916: 08 54 58 72 76
6915: 05 19 21 51 66
6914: 25 41 48 49 66
6913: 25 31 38 42 58
6912: 04 43 44 58 62
6911: 03 51 56 59 72
6910: 02 18 20 49 68
6909: 09 25 57 63 75
6908: 01 10 42 58 72
6907: 23 41 46 58 66
6906: 05 32 51 55 56
6905: 03 18 24 60 78
6904: 09 14 23 42 46
6903: 03 45 54 65 68
6902: 08 24 44 57 65
6901: 06 42 45 57 78
6900: 10 33 34 36 58
6899: 17 42 50 56 76
6898: 13 32 63 65 76
6897: 03 19 35 75 79
6896: 03 23 64 66 79
6895: 15 38 64 67 73
6894: 22 24 33 44 69
6893: 06 31 64 68 72
6892: 10 21 38 73 77
6891: 19 29 35 64 78
6890: 08 12 67 68 70
6889: 01 06 28 41 42
6888: 05 29 37 52 69
6887: 16 29 57 67 72
6886: 09 20 33 63 69
6885: 12 39 41 68 78
6884: 05 18 46 55 70
6883: 08 44 45 52 78
6882: 16 18 36 60 80
6881: 26 49 52 54 57
6880: 31 44 57 61 62
6879: 04 25 32 43 71
6878: 18 20 23 51 56
6877: 26 27 36 41 80
6876: 01 11 17 22 46
6875: 09 22 23 34 64
6874: 03 36 61 63 65
6873: 09 24 28 35 36
6872: 03 06 26 37 44
6871: 07 21 31 44 45
6870: 18 19 20 42 46
6869: 29 38 59 64 65
6868: 10 17 26 33 38
6867: 04 05 18 19 56
6866: 02 12 46 65 73
6865: 29 42 55 71 75
6864: 06 18 55 58 78
6863: 28 47 50 65 79
6862: 11 39 51 62 68
6861: 26 32 42 57 78
6860: 12 46 58 62 69
6859: 23 33 36 39 79
6858: 31 55 70 78 80
6857: 21 32 34 41 46
6856: 05 10 16 33 53
6855: 04 06 33 56 63
6854: 08 42 53 65 68
6853: 07 09 48 54 75
6852: 24 46 50 62 68
6851: 13 18 32 42 55
6850: 34 55 61 71 72
6849: 13 22 23 30 67
6848: 31 32 34 45 80
6847: 17 18 27 66 71
6846: 04 49 51 57 63
6845: 30 45 56 57 62
6844: 05 09 11 52 59
6843: 04 14 45 71 80
6842: 12 25 33 41 52
6841: 12 25 33 42 74
6840: 26 36 43 46 74
6839: 11 26 28 44 61
6838: 31 33 50 70 77
6837: 13 25 57 64 75
6836: 05 16 29 33 76
6835: 04 13 30 49 68
6834: 11 41 51 78 79
6833: 03 07 09 22 73
6832: 13 33 46 71 80
6831: 21 28 66 68 79
6830: 27 28 30 34 76
6829: 42 52 57 58 66
6828: 53 54 62 66 77
6827: 01 52 53 66 78
6826: 07 09 10 34 70
6825: 04 11 12 29 37
6824: 01 12 29 70 74
6823: 03 32 49 50 52
6822: 01 02 27 62 79
6821: 15 41 59 72 79
6820: 01 11 32 37 62
6819: 06 38 43 52 63
6818: 06 13 36 53 63
6817: 02 13 52 60 63
6816: 01 27 50 71 72
6815: 04 14 26 66 74
6814: 12 36 38 42 80
6813: 02 14 38 39 52
6812: 05 12 21 50 57
6811: 10 17 33 49 60
6810: 07 08 34 61 75
6809: 03 16 38 48 66
6808: 07 19 21 37 65
6807: 03 17 27 55 70
6806: 01 03 14 19 56
6805: 06 16 18 26 73
6804: 06 47 50 54 58
6803: 27 33 43 65 71
6802: 05 10 31 75 76
6801: 14 16 18 29 32
6800: 02 06 11 55 76
6799: 04 19 32 37 43
6798: 11 21 42 50 60
6797: 05 17 18 20 45
6796: 01 10 15 39 69
6795: 03 17 37 62 76
6794: 01 24 30 62 71
6793: 29 30 38 39 73
6792: 16 42 43 62 68
6791: 24 33 47 55 57
6790: 35 39 57 73 75
6789: 02 27 29 65 68
6788: 10 11 54 56 63
6787: 06 23 26 67 80
6786: 05 23 68 71 74
6785: 16 23 38 40 65
6784: 01 18 34 41 45
6783: 41 46 64 68 77
6782: 09 14 30 38 60
6781: 01 04 50 58 73
6780: 24 43 62 77 80
6779: 14 17 20 27 31
6778: 26 40 45 66 71
6777: 16 56 62 67 79
6776: 01 05 21 50 61
6775: 32 36 45 52 54
6774: 08 11 18 30 57
6773: 02 08 31 68 78
6772: 14 47 50 63 70
6771: 25 26 38 53 66
6770: 28 30 31 43 74
6769: 10 25 57 64 77
6768: 02 10 41 58 59
6767: 02 42 45 52 71
6766: 16 28 41 47 57
6765: 17 29 35 52 63
6764: 04 31 39 50 60
6763: 20 42 44 58 74
6762: 02 39 41 58 76
6761: 22 44 45 59 73
6760: 12 19 20 34 35
6759: 16 20 23 27 73
6758: 20 28 42 56 75
6757: 08 37 54 62 72
6756: 34 39 54 60 77
6755: 16 23 46 51 67
6754: 04 26 59 68 80
6753: 52 56 61 65 80
6752: 05 37 50 51 56
6751: 23 40 59 75 80
6750: 24 32 35 39 71
6749: 06 08 19 23 25
6748: 01 25 27 49 53
6747: 04 05 15 57 68
6746: 06 29 40 54 67
6745: 03 14 29 48 55
6744: 14 26 27 54 73
6743: 02 04 16 36 58
6742: 15 35 50 67 73
6741: 01 17 21 52 59
6740: 21 39 46 58 71
6739: 10 31 48 74 79
6738: 02 47 60 61 62
6737: 03 43 63 67 74
6736: 17 29 60 75 80
6735: 30 49 50 73 79
6734: 17 32 44 65 80
6733: 18 34 36 61 70
6732: 13 19 22 43 64
6731: 24 41 51 57 62
6730: 21 44 57 60 65
6729: 17 20 25 37 39
6728: 08 15 38 44 80
6727: 02 06 14 16 60
6726: 20 49 56 60 67
6725: 20 23 30 39 53
6724: 12 13 22 54 74
6723: 15 41 51 56 79
6722: 07 15 24 32 52
6721: 05 43 56 74 79
6720: 04 42 55 61 68
6719: 07 09 15 37 44
6718: 19 36 53 65 66
6717: 06 13 62 72 77
6716: 18 22 60 61 62
6715: 09 14 28 37 51
6714: 20 31 47 59 72
6713: 35 43 48 52 72
6712: 01 27 49 57 63
6711: 10 15 48 52 71
6710: 13 17 18 29 78
6709: 29 32 39 57 61
6708: 09 13 15 40 77
6707: 14 32 58 70 77
6706: 40 41 65 66 71
6705: 19 27 34 50 72
6704: 09 23 26 44 70
6703: 08 16 53 61 74
6702: 27 43 51 53 78
6701: 04 09 21 29 64
6700: 12 21 23 31 42
6699: 08 13 41 48 78
6698: 07 13 18 22 32
6697: 40 42 44 47 52
6696: 15 19 51 55 57
6695: 22 62 67 70 79
6694: 24 38 43 44 49
6693: 13 17 20 29 46
6692: 07 13 21 34 76
6691: 06 07 38 56 67
6690: 01 33 53 55 76
6689: 07 23 24 55 56
6688: 21 40 43 67 68
6687: 10 11 39 41 50
6686: 15 16 25 35 67
6685: 06 20 37 51 69
6684: 09 15 27 65 76
6683: 20 23 53 60 71
6682: 08 15 24 28 68
6681: 39 46 52 65 77
6680: 08 13 22 34 41
6679: 03 05 16 28 37
6678: 33 36 50 51 69
6677: 17 52 69 72 75
6676: 11 25 29 31 45
6675: 13 25 26 37 76
6674: 19 32 57 60 75
6673: 14 26 35 52 74
6672: 27 30 48 66 73
6671: 46 47 61 66 75
6670: 05 14 21 31 65
6669: 01 31 33 60 69
6668: 19 31 32 54 78
6667: 02 03 19 42 48
6666: 10 20 23 25 74
6665: 26 30 35 66 77
6664: 11 23 32 44 76
6663: 21 35 44 52 62
6662: 04 34 40 61 66
6661: 28 45 48 72 76
6660: 05 15 21 35 43
6659: 05 12 20 69 70
6658: 15 22 56 60 71
6657: 10 30 41 53 69
6656: 17 24 31 66 79
6655: 10 34 41 44 69
6654: 14 25 48 51 66
6653: 13 17 40 49 51
6652: 42 47 52 59 65
6651: 14 23 31 48 63
6650: 16 23 24 27 48
6649: 09 43 47 65 74
6648: 16 25 39 58 68
6647: 05 14 31 43 51
6646: 07 41 65 77 79
6645: 05 19 48 64 76
6644: 08 18 59 60 75
6643: 08 28 42 47 78
6642: 18 21 27 57 72
6641: 22 52 60 63 78
6640: 01 05 08 77 78
6639: 19 26 72 76 77
6638: 13 26 40 57 75
6637: 13 33 34 46 70
6636: 02 22 31 35 53
6635: 13 38 49 63 66
6634: 23 32 37 71 72
6633: 25 41 59 75 77
6632: 15 24 45 52 70
6631: 03 10 57 65 67
6630: 09 37 42 55 71
6629: 05 19 26 43 66
6628: 33 40 43 48 70
6627: 11 13 21 41 54
6626: 03 11 19 52 71
6625: 17 19 30 48 77
6624: 10 23 48 74 79
6623: 27 51 52 54 65
6622: 01 02 25 37 79
6621: 06 12 42 44 62
6620: 08 32 52 64 77
6619: 04 05 47 53 58
6618: 30 60 63 64 66
6617: 10 11 24 56 66
6616: 04 05 15 23 26
6615: 04 16 44 64 68
6614: 09 20 30 60 74
6613: 20 25 32 43 57
6612: 20 22 34 38 49
6611: 16 18 34 41 73
6610: 02 08 32 71 75
6609: 31 40 62 65 72
6608: 24 31 44 53 77
6607: 16 37 43 50 59
6606: 31 33 36 59 67
6605: 14 23 27 40 73
6604: 19 24 30 57 75
6603: 27 36 50 68 69
6602: 37 46 51 59 62
6601: 06 19 33 46 47
6600: 04 05 38 45 67
6599: 18 21 29 63 78
6598: 08 14 30 37 50
6597: 15 25 26 35 55
6596: 18 40 44 71 72
6595: 03 08 10 14 47
6594: 19 27 60 70 73
6593: 06 60 67 71 75
6592: 22 25 39 43 56
6591: 06 11 21 22 39
6590: 03 06 10 19 43
6589: 03 20 33 34 77
6588: 03 15 37 44 78
6587: 03 17 26 77 79
6586: 13 19 26 35 57
6585: 06 25 47 50 71
6584: 05 13 58 72 80
6583: 24 36 49 63 76
6582: 30 31 47 64 77
6581: 20 28 32 39 76
6580: 04 16 18 45 71
6579: 03 08 52 70 79
6578: 03 33 49 52 75
6577: 01 15 17 33 45
6576: 38 39 55 70 77
6575: 02 05 09 11 14
6574: 05 19 20 66 77
6573: 04 07 49 59 68
6572: 05 17 47 57 77
6571: 09 11 12 24 66
6570: 28 37 53 64 70
6569: 04 10 14 56 59
6568: 19 27 29 55 72
6567: 05 22 33 52 58
6566: 31 34 53 65 78
6565: 33 50 57 68 73
6564: 15 27 46 57 77
6563: 42 43 62 71 79
6562: 20 25 33 43 60
6561: 03 55 69 70 71
6560: 05 29 37 60 66
6559: 07 29 55 61 67
6558: 06 41 55 56 79
6557: 09 12 33 41 56
6556: 11 15 51 65 68
6555: 30 40 58 70 76
6554: 05 35 39 53 78
6553: 21 22 34 37 46
6552: 02 19 23 33 34
6551: 46 49 54 63 79
6550: 01 05 60 64 74
6549: 17 51 52 62 70
6548: 10 14 27 45 55
6547: 40 43 51 52 76
6546: 31 49 63 71 72
6545: 10 18 65 74 76
6544: 16 37 41 54 56
6543: 14 17 33 57 64
6542: 09 32 57 59 73
6541: 05 14 42 46 58
6540: 04 40 44 53 72
6539: 10 30 33 42 74
6538: 01 02 48 65 76
6537: 09 35 40 68 78
6536: 15 38 50 51 72
6535: 41 44 70 72 73
6534: 01 20 22 42 76
6533: 15 16 26 43 67
6532: 05 23 29 52 65
6531: 18 38 55 56 66
6530: 09 18 29 47 80
6529: 04 07 17 30 44
6528: 18 35 37 44 60
6527: 05 22 45 62 73
6526: 09 21 30 32 39
6525: 04 11 33 37 39
6524: 04 06 10 32 45
6523: 04 09 36 56 64
6522: 12 46 57 58 61
6521: 21 27 43 46 75
6520: 09 14 24 38 63
6519: 28 32 37 52 77
6518: 17 21 37 38 51
6517: 03 26 28 49 74
6516: 01 37 39 51 55
6515: 07 11 26 29 75
6514: 18 35 38 48 56
6513: 08 14 19 38 46
6512: 26 27 61 64 80
6511: 03 14 24 60 73
6510: 28 34 36 38 48
6509: 44 48 51 53 70
6508: 29 43 45 72 79
6507: 02 14 21 44 75
6506: 04 11 14 38 78
6505: 36 37 48 52 54
6504: 07 15 34 38 50
6503: 12 49 66 68 70
6502: 03 16 20 62 71
6501: 17 29 37 56 72
6500: 24 26 57 67 69
6499: 31 45 53 59 78
6498: 11 13 22 60 65
6497: 18 24 50 63 78
6496: 31 32 39 45 54
6495: 23 25 29 36 42
6494: 19 38 40 44 58
6493: 03 04 13 70 76
6492: 10 11 14 56 57
6491: 17 28 38 54 57
6490: 02 03 24 27 33
6489: 27 33 44 46 63
6488: 15 21 23 42 67
6487: 12 13 25 46 52
6486: 05 11 23 28 74
6485: 01 12 61 64 68
6484: 05 06 24 40 68
6483: 23 25 39 61 63
6482: 06 55 57 58 59
6481: 19 30 38 51 71
6480: 11 22 40 56 68
6479: 06 10 32 40 67
6478: 24 33 43 66 68
6477: 02 26 45 78 79
6476: 18 23 35 49 75
6475: 01 18 32 65 68
6474: 12 40 55 71 72
6473: 10 11 20 51 54
6472: 01 15 40 42 79
6471: 35 70 72 76 79
6470: 24 49 51 52 66
6469: 17 22 40 42 46
6468: 03 11 15 50 70
6467: 14 27 31 47 68
6466: 32 49 53 58 76
6465: 09 23 53 67 80
6464: 09 24 52 59 77
6463: 11 13 45 60 61
6462: 21 38 60 64 70
6461: 47 49 57 64 69
6460: 37 51 60 61 77
6459: 09 10 13 75 77
6458: 13 22 54 58 62
6457: 10 11 16 67 72
6456: 18 35 59 63 76
6455: 04 21 62 66 68
6454: 16 18 49 57 66
6453: 10 29 32 53 64
6452: 27 38 49 53 68
6451: 12 23 36 51 71
6450: 05 07 31 43 63
6449: 11 12 23 49 57
6448: 05 18 39 41 65
6447: 03 54 57 61 75
6446: 22 43 54 64 69
6445: 43 48 50 52 56
6444: 33 48 58 60 76
6443: 04 30 31 48 72
6442: 26 31 33 50 78
6441: 11 16 22 75 77
6440: 04 15 32 61 73
6439: 03 31 62 64 80
6438: 09 24 44 52 75
6437: 03 15 50 60 76
6436: 17 20 34 44 46
6435: 04 09 48 56 58
6434: 07 21 40 68 74
6433: 04 11 39 63 77
6432: 10 12 24 55 60
6431: 30 51 57 67 70
6430: 18 47 62 72 79
6429: 21 25 65 72 78
6428: 25 31 39 49 76
6427: 14 46 50 59 79
6426: 19 28 34 44 66
6425: 04 07 33 53 66
6424: 04 24 34 39 55
6423: 24 25 32 68 71
6422: 31 38 41 70 79
6421: 01 03 38 63 78
6420: 07 46 63 65 73
6419: 10 24 50 51 79
6418: 16 30 49 68 70
6417: 19 22 49 53 64
6416: 09 26 58 64 76
6415: 40 55 62 78 80
6414: 04 34 35 58 74
6413: 03 26 69 78 79
6412: 01 11 22 36 59
6411: 23 42 48 57 60
6410: 14 51 52 55 70
6409: 24 25 35 44 73
6408: 18 51 52 75 78
6407: 04 07 15 67 70
6406: 20 26 29 31 40
6405: 39 57 60 67 74
6404: 25 47 52 69 76
6403: 17 43 53 55 68
6402: 03 49 66 67 70
6401: 01 05 09 24 32
6400: 06 24 58 69 72
6399: 33 38 41 48 49
6398: 14 18 22 30 33
6397: 24 31 49 54 61
6396: 05 09 26 59 65
6395: 14 27 35 51 78
6394: 39 60 62 63 70
6393: 09 19 20 40 74
6392: 10 25 41 74 80
6391: 23 30 46 59 65
6390: 21 38 52 61 67
6389: 08 16 17 63 75
6388: 15 24 26 56 61
6387: 06 11 34 36 43
6386: 06 34 48 64 80
6385: 07 45 47 53 70
6384: 27 39 52 58 75
6383: 21 50 51 59 80
6382: 20 45 52 69 78
6381: 06 18 22 41 62
6380: 32 44 45 46 50
6379: 24 26 54 56 66
6378: 29 40 56 60 74
6377: 09 21 25 44 62
6376: 03 25 31 37 69
6375: 04 34 44 55 60
6374: 04 13 19 28 53
6373: 02 06 13 62 77
6372: 01 11 37 42 72
6371: 06 36 39 44 45
6370: 06 07 12 23 51
6369: 13 21 39 55 67
6368: 03 26 35 52 72
6367: 02 42 53 72 75
6366: 32 56 67 72 79
6365: 04 19 40 54 73
6364: 03 41 42 51 60
6363: 16 35 58 62 79
6362: 08 35 53 65 70
6361: 16 18 30 36 71
6360: 16 40 43 54 77
6359: 26 39 43 59 80
6358: 04 11 46 48 52
6357: 50 52 54 56 58
6356: 09 18 50 75 77
6355: 01 03 10 22 69
6354: 11 18 33 40 66
6353: 04 35 43 61 74
6352: 05 22 29 54 57
6351: 33 35 39 46 80
6350: 26 28 30 31 44
6349: 38 60 73 78 80
6348: 01 03 07 26 45
6347: 22 29 62 74 75
6346: 13 27 28 42 61
6345: 05 21 23 66 67
6344: 13 15 19 35 79
6343: 04 33 42 50 58
6342: 13 16 25 41 42
6341: 12 16 52 64 69
6340: 18 55 56 65 72
6339: 21 41 46 61 62
6338: 07 10 21 49 75
6337: 25 30 35 41 53
6336: 04 31 45 47 49
6335: 39 44 48 62 64
6334: 09 36 55 59 62
6333: 09 13 48 74 76
6332: 11 19 27 64 77
6331: 40 42 64 76 79
6330: 15 23 29 61 74
6329: 06 15 18 43 61
6328: 09 13 51 68 72
6327: 09 12 14 31 68
6326: 32 35 45 64 65
6325: 04 35 47 52 59
6324: 12 22 38 44 71
6323: 06 15 33 66 71
6322: 17 21 60 61 64
6321: 02 26 27 67 79
6320: 14 28 46 57 73
6319: 15 16 54 55 64
6318: 01 37 45 56 73
6317: 19 29 47 55 75
6316: 35 44 54 70 71
6315: 06 26 27 31 48
6314: 14 50 63 65 70
6313: 30 40 45 57 64
6312: 23 32 37 45 63
6311: 18 44 47 58 76
6310: 08 24 25 34 61
6309: 15 36 39 53 80
6308: 28 30 42 50 78
6307: 04 08 34 59 75
6306: 56 62 66 68 74
6305: 04 16 25 29 49
6304: 27 30 32 51 67
6303: 08 11 44 54 68
6302: 17 40 51 65 71
6301: 19 23 37 57 62
6300: 03 06 09 29 76
6299: 43 53 66 72 73
6298: 12 14 55 59 68
6297: 10 14 33 46 63
6296: 04 05 09 36 46
6295: 16 45 56 69 70
6294: 30 45 58 62 78
6293: 12 20 29 48 59
6292: 05 09 17 30 69
6291: 06 20 22 45 47
6290: 11 15 52 58 78
6289: 10 31 42 54 79
6288: 26 52 56 75 77
6287: 11 37 38 41 77
6286: 11 20 26 38 73
6285: 07 17 50 55 58
6284: 40 48 55 61 66
6283: 07 09 10 57 73
6282: 10 15 21 26 76
6281: 06 41 53 74 77
6280: 06 22 58 64 77
6279: 06 22 62 64 69
6278: 29 33 59 66 77
6277: 22 26 42 47 79
6276: 01 14 30 62 69
6275: 02 21 36 44 51
6274: 29 37 45 53 60
6273: 48 52 53 67 78
6272: 02 03 27 35 43
6271: 02 43 52 59 74
6270: 05 24 26 51 54
6269: 11 35 46 55 77
6268: 20 31 35 59 71
6267: 26 27 34 36 60
6266: 16 38 64 68 77
6265: 44 52 63 71 77
6264: 10 40 52 61 69
6263: 03 14 23 25 52
6262: 29 51 56 69 76
6261: 15 45 47 58 59
6260: 39 40 48 56 67
6259: 04 08 13 26 39
6258: 37 42 61 66 77
6257: 31 42 45 71 80
6256: 26 29 40 53 60
6255: 20 42 43 47 60
6254: 16 60 64 71 73
6253: 14 16 40 45 51
6252: 03 08 30 55 61
6251: 05 36 55 69 76
6250: 01 45 53 77 78
6249: 02 39 47 50 62
6248: 08 12 16 20 64
6247: 08 12 17 24 43
6246: 35 48 49 57 71
6245: 34 37 48 55 57
6244: 01 09 18 40 76
6243: 03 24 37 63 74
6242: 08 29 40 46 74
6241: 07 21 27 33 71
6240: 11 16 37 61 62
6239: 02 06 10 26 47
6238: 06 20 31 39 59
6237: 08 34 45 51 66
6236: 14 19 44 57 59
6235: 09 52 54 57 69
6234: 19 23 48 57 69
6233: 05 31 43 45 59
6232: 04 06 40 62 77
6231: 22 23 40 62 70
6230: 19 51 55 70 72
6229: 05 06 28 39 55
6228: 13 21 24 60 79
6227: 02 13 27 36 68
6226: 04 06 27 60 62
6225: 06 44 49 52 60
6224: 04 23 47 52 66
6223: 06 30 32 44 75
6222: 20 29 31 40 79
6221: 01 17 26 27 47
6220: 17 27 34 46 56
6219: 16 17 47 71 75
6218: 37 49 56 61 68
6217: 12 25 32 67 79
6216: 39 41 44 53 62
6215: 14 52 54 58 73
6214: 09 35 39 59 61
6213: 12 26 59 70 80
6212: 32 35 38 55 78
6211: 01 10 16 23 34
6210: 14 21 44 53 59
6209: 09 46 47 49 64
6208: 08 35 47 54 79
6207: 17 22 54 57 59
6206: 26 27 53 72 77
6205: 08 09 18 25 67
6204: 28 53 57 61 80
6203: 01 14 46 63 75
6202: 25 37 46 67 73
6201: 21 32 37 38 49
6200: 14 17 34 49 77
6199: 15 36 56 61 68
6198: 05 11 12 42 53
6197: 26 47 69 72 78
6196: 14 16 24 37 72
6195: 08 20 21 42 57
6194: 26 36 38 47 52
6193: 29 42 49 71 73
6192: 27 59 60 63 71
6191: 10 60 63 64 78
6190: 07 21 39 49 78
6189: 21 26 36 42 63
6188: 16 17 44 47 57
6187: 03 37 41 53 63
6186: 29 39 43 73 76
6185: 11 17 51 61 77
6184: 01 09 27 53 77
6183: 25 32 34 37 68
6182: 25 41 44 53 61
6181: 14 18 30 51 60
6180: 08 24 51 60 70
6179: 06 23 26 31 66
6178: 03 15 40 69 78
6177: 23 25 32 36 38
6176: 09 12 47 56 57
6175: 16 54 73 75 79
6174: 23 30 46 51 56
6173: 17 57 59 61 76
6172: 12 13 45 47 70
6171: 19 33 52 61 78
6170: 32 50 56 65 70
6169: 01 20 31 46 58
6168: 02 26 42 50 69
6167: 06 18 26 65 77
6166: 22 49 66 72 78
6165: 16 22 30 45 49
6164: 18 25 26 68 73
6163: 26 46 73 76 80
6162: 19 25 29 45 79
6161: 05 14 16 24 76
6160: 26 49 64 65 67
6159: 11 14 18 52 57
6158: 01 12 20 21 29
6157: 02 25 35 37 53
6156: 32 41 62 69 79
6155: 09 18 43 71 74
6154: 03 18 42 48 71
6153: 22 24 41 57 70
6152: 18 21 30 33 77
6151: 10 23 33 54 78
6150: 19 20 30 51 58
6149: 33 51 56 73 74
6148: 27 40 46 54 65
6147: 02 16 60 64 79
6146: 13 20 44 56 57
6145: 10 23 52 55 71
6144: 05 10 42 78 80
6143: 10 39 63 67 70
6142: 02 09 32 64 79
6141: 04 22 24 32 45
6140: 23 28 42 65 77
6139: 12 20 50 52 69
6138: 03 08 31 44 55
6137: 16 40 56 79 80
6136: 02 06 12 30 51
6135: 07 13 27 48 62
6134: 01 09 12 68 77
6133: 17 48 52 69 71
6132: 05 09 14 32 55
6131: 05 26 37 53 63
6130: 49 54 56 58 80
6129: 24 41 55 62 70
6128: 17 43 66 71 75
6127: 01 19 20 58 68
6126: 03 23 24 60 79
6125: 07 21 24 45 71
6124: 22 30 31 33 45
6123: 10 14 54 61 63
6122: 14 31 47 49 60
6121: 12 23 49 50 59
6120: 29 44 62 74 80
6119: 14 29 38 61 70
6118: 08 30 38 40 80
6117: 24 62 71 78 80
6116: 21 42 43 48 64
6115: 02 17 59 62 80
6114: 13 24 38 54 78
6113: 07 13 14 30 57
6112: 16 23 50 71 73
6111: 01 26 48 55 63
6110: 25 27 49 54 75
6109: 08 12 33 47 65
6108: 05 08 19 56 60
6107: 15 27 29 33 60
6106: 21 33 49 55 80
6105: 16 19 40 51 72
6104: 01 27 41 69 76
6103: 08 36 43 60 69
6102: 09 24 26 44 62
6101: 36 45 61 76 79
6100: 02 25 48 59 75
6099: 04 13 29 57 72
6098: 03 08 40 43 67
6097: 22 38 61 78 79
6096: 05 24 26 37 75
6095: 20 35 38 42 71
6094: 15 22 31 36 68
6093: 02 06 60 66 74
6092: 30 32 65 66 73
6091: 51 62 70 76 78
6090: 07 29 41 61 69
6089: 05 16 19 62 79
6088: 04 31 34 36 63
6087: 08 23 27 37 67
